county,administered_date,total_doses,cumulative_total_doses,pfizer_doses,cumulative_pfizer_doses,moderna_doses,cumulative_moderna_doses,jj_doses,cumulative_jj_doses,partially_vaccinated,total_partially_vaccinated,fully_vaccinated,cumulative_fully_vaccinated,at_least_one_dose,cumulative_at_least_one_dose,california_flag
All CA Counties,2020-12-15,1132,1132,1132,1132,0,0,0,0,1132,1132,0,0,1132,1132,
All CA Counties,2020-12-16,8113,9245,8113,9245,0,0,0,0,8113,9245,0,0,8113,9245,
All CA Counties,2020-12-17,25702,34947,25702,34947,0,0,0,0,25704,34949,0,0,25704,34949,
All CA Counties,2020-12-18,43719,78666,43664,78611,55,55,0,0,43720,78669,0,0,43720,78669,
All CA Counties,2020-12-19,25185,103851,25162,103773,23,78,0,0,25184,103852,1,1,25184,103853,
All CA Counties,2020-12-20,18924,122775,18894,122667,30,108,0,0,18923,122774,1,2,18923,122776,
All CA Counties,2020-12-21,49518,172293,49436,172103,82,190,0,0,49520,172293,1,3,49520,172296,
All CA Counties,2020-12-22,49825,222118,47714,219817,2111,2301,0,0,49823,222115,1,4,49823,222119,
All CA Counties,2020-12-23,50189,272307,41493,261310,8696,10997,0,0,50185,272300,0,4,50185,272304,
All CA Counties,2020-12-24,24002,296309,16312,277622,7690,18687,0,0,23999,296298,1,5,23999,296303,
All CA Counties,2020-12-25,2330,298639,2011,279633,319,19006,0,0,2330,298628,0,5,2330,298633,
All CA Counties,2020-12-26,14598,313237,9427,289060,5171,24177,0,0,14597,313224,1,6,14597,313230,
All CA Counties,2020-12-27,9389,322626,5566,294626,3823,28000,0,0,9388,322611,1,7,9388,322618,
All CA Counties,2020-12-28,45613,368239,29245,323871,16368,44368,0,0,45610,368218,3,10,45610,368228,
All CA Counties,2020-12-29,50980,419219,28492,352363,22488,66856,0,0,50976,419191,3,13,50976,419204,
All CA Counties,2020-12-30,62853,482072,35618,387981,27235,94091,0,0,62847,482035,3,16,62847,482051,
All CA Counties,2020-12-31,29169,511241,10740,398721,18429,112520,0,0,29163,511194,4,20,29163,511214,
All CA Counties,2021-01-01,3890,515131,1717,400438,2173,114693,0,0,3885,515076,3,23,3885,515099,
All CA Counties,2021-01-02,18415,533546,10216,410654,8199,122892,0,0,18414,533490,0,23,18414,533513,
All CA Counties,2021-01-03,6121,539667,3470,414124,2651,125543,0,0,6092,539570,12,35,6092,539605,
All CA Counties,2021-01-04,43277,582944,21901,436025,21376,146919,0,0,43199,582726,43,78,43199,582804,
All CA Counties,2021-01-05,56103,639047,29549,465574,26554,173473,0,0,50671,628105,5377,5455,50756,633560,
All CA Counties,2021-01-06,72815,711862,40288,505862,32527,206000,0,0,57563,670620,15076,20531,57591,691151,
All CA Counties,2021-01-07,91589,803451,52111,557973,39478,245478,0,0,61177,701585,30254,50785,61219,752370,
All CA Counties,2021-01-08,105990,909441,63896,621869,42094,287572,0,0,64980,725742,40879,91664,65036,817406,
All CA Counties,2021-01-09,43566,953007,25034,646903,18532,306104,0,0,27480,737177,16067,107731,27502,844908,
All CA Counties,2021-01-10,24197,977204,14808,661711,9389,315493,0,0,12988,738988,11193,118924,13004,857912,
All CA Counties,2021-01-11,104009,1081213,69233,730944,34776,350269,0,0,60339,755840,43631,162555,60483,918395,
All CA Counties,2021-01-12,112407,1193620,66372,797316,46035,396304,0,0,71499,786731,40828,203383,71719,990114,
All CA Counties,2021-01-13,118294,1311914,61268,858584,57026,453330,0,0,84776,838146,33433,236816,84848,1074962,
All CA Counties,2021-01-14,122920,1434834,49257,907841,73663,526993,0,0,103445,922357,19373,256189,103584,1178546,
All CA Counties,2021-01-15,141394,1576228,51981,959822,89413,616406,0,0,126426,1034083,14876,271065,126602,1305148,
All CA Counties,2021-01-16,80297,1656525,27368,987190,52929,669335,0,0,72780,1099419,7492,278557,72828,1377976,
All CA Counties,2021-01-17,48008,1704533,16766,1003956,31242,700577,0,0,44382,1140226,3619,282176,44426,1422402,
All CA Counties,2021-01-18,87537,1792070,45535,1049491,42002,742579,0,0,68420,1189757,19037,301213,68568,1490970,
All CA Counties,2021-01-19,141234,1933304,73299,1122790,67935,810514,0,0,110217,1269355,30925,332138,110523,1601493,
All CA Counties,2021-01-20,157849,2091153,80050,1202840,77799,888313,0,0,124781,1361480,32891,365029,125016,1726509,
All CA Counties,2021-01-21,171865,2263018,76033,1278873,95832,984145,0,0,153069,1496265,18596,383625,153381,1879890,
All CA Counties,2021-01-22,168355,2431373,68624,1347497,99731,1083876,0,0,154187,1636569,14038,397663,154342,2034232,
All CA Counties,2021-01-23,110907,2542280,49369,1396866,61538,1145414,0,0,98398,1722627,12450,410113,98508,2132740,
All CA Counties,2021-01-24,60839,2603119,29458,1426324,31381,1176795,0,0,56221,1774312,4588,414701,56273,2189013,
All CA Counties,2021-01-25,143583,2746702,64758,1491082,78825,1255620,0,0,109003,1849155,34498,449199,109341,2298354,
All CA Counties,2021-01-26,167458,2914160,82251,1573333,85207,1340827,0,0,130454,1942978,36882,486081,130705,2429059,
All CA Counties,2021-01-27,179039,3093199,87709,1661042,91330,1432157,0,0,140217,2044946,38462,524543,140430,2569489,
All CA Counties,2021-01-28,186445,3279644,85814,1746856,100631,1532788,0,0,152736,2164460,33434,557977,152948,2722437,
All CA Counties,2021-01-29,182374,3462018,87791,1834647,94583,1627371,0,0,148074,2278992,33744,591721,148276,2870713,
All CA Counties,2021-01-30,122617,3584635,55091,1889738,67526,1694897,0,0,107676,2372040,14784,606505,107832,2978545,
All CA Counties,2021-01-31,69110,3653745,38851,1928589,30259,1725156,0,0,64079,2431180,4985,611490,64125,3042670,
All CA Counties,2021-02-01,157849,3811594,72697,2001286,85152,1810308,0,0,119875,2513345,37836,649326,120001,3162671,
All CA Counties,2021-02-02,185160,3996754,79353,2080639,105807,1916115,0,0,139598,2607941,45216,694542,139812,3302483,
All CA Counties,2021-02-03,209553,4206307,94732,2175371,114821,2030936,0,0,156059,2711196,53025,747567,156280,3458763,
All CA Counties,2021-02-04,227086,4433393,99652,2275023,127434,2158370,0,0,166843,2818664,59713,807280,167181,3625944,
All CA Counties,2021-02-05,244801,4678194,106081,2381104,138720,2297090,0,0,166757,2908658,77296,884576,167290,3793234,
All CA Counties,2021-02-06,154311,4832505,74618,2455722,79693,2376783,0,0,119787,2994570,34359,918935,120271,3913505,
All CA Counties,2021-02-07,66544,4899049,43012,2498734,23532,2400315,0,0,50196,3028943,16264,935199,50637,3964142,
All CA Counties,2021-02-08,179591,5078640,88151,2586885,91440,2491755,0,0,118709,3087931,60438,995637,119426,4083568,
All CA Counties,2021-02-09,209957,5288597,101501,2688386,108456,2600211,0,0,126179,3131875,83356,1078993,127300,4210868,
All CA Counties,2021-02-10,247300,5535897,119342,2807728,127958,2728169,0,0,138077,3162965,108423,1187416,139513,4350381,
All CA Counties,2021-02-11,262618,5798515,130127,2937855,132491,2860660,0,0,144596,3192301,117015,1304431,146351,4496732,
All CA Counties,2021-02-12,270206,6068721,118353,3056208,151853,3012513,0,0,146320,3217787,123156,1427587,148642,4645374,
All CA Counties,2021-02-13,166097,6234818,76971,3133179,89126,3101639,0,0,91827,3237688,73860,1501447,93761,4739135,
All CA Counties,2021-02-14,95086,6329904,47401,3180580,47685,3149324,0,0,51534,3247488,43407,1544854,53207,4792342,
All CA Counties,2021-02-15,141226,6471130,62127,3242707,79099,3228423,0,0,78326,3266441,62560,1607414,81513,4873855,
All CA Counties,2021-02-16,246948,6718078,117433,3360140,129515,3357938,0,0,132418,3288099,114192,1721606,135850,5009705,
All CA Counties,2021-02-17,256351,6974429,127990,3488130,128361,3486299,0,0,127949,3291781,127923,1849529,131605,5141310,
All CA Counties,2021-02-18,270162,7244591,141369,3629499,128793,3615092,0,0,131586,3290101,137961,1987490,136281,5277591,
All CA Counties,2021-02-19,249426,7494017,144676,3774175,104750,3719842,0,0,129415,3302109,119579,2107069,131587,5409178,
All CA Counties,2021-02-20,150499,7644516,96749,3870924,53750,3773592,0,0,83206,3320536,67068,2174137,85495,5494673,
All CA Counties,2021-02-21,71865,7716381,57980,3928904,13885,3787477,0,0,35462,3322108,36197,2210334,37769,5532442,
All CA Counties,2021-02-22,162175,7878556,108959,4037863,53216,3840693,0,0,81311,3325366,80563,2290897,83821,5616263,
All CA Counties,2021-02-23,220936,8099492,116286,4154149,104650,3945343,0,0,102406,3316733,118013,2408910,109380,5725643,
All CA Counties,2021-02-24,279911,8379403,141194,4295343,138717,4084060,0,0,133324,3312678,146017,2554927,141962,5867605,
All CA Counties,2021-02-25,314754,8694157,153941,4449284,160813,4244873,0,0,164529,3337084,149594,2704521,174000,6041605,
All CA Counties,2021-02-26,348782,9042939,162523,4611807,186259,4431132,0,0,195145,3386731,152810,2857331,202457,6244062,
All CA Counties,2021-02-27,245296,9288235,117208,4729015,128069,4559201,19,19,138900,3424370,105853,2963184,143492,6387554,
All CA Counties,2021-02-28,129250,9417485,77155,4806170,52093,4611294,2,21,75745,3450780,53152,3016336,79562,6467116,
All CA Counties,2021-03-01,235419,9652904,124750,4930920,110628,4721922,41,62,136109,3493088,98720,3115056,141028,6608144,
All CA Counties,2021-03-02,274248,9927152,133517,5064437,140717,4862639,14,76,163403,3553947,110416,3225472,171275,6779419,
All CA Counties,2021-03-03,325499,10252651,160570,5225007,164895,5027534,34,110,186891,3611070,138006,3363478,195129,6974548,
All CA Counties,2021-03-04,342889,10595540,171778,5396785,171030,5198564,81,191,201370,3679255,140860,3504338,209045,7183593,
All CA Counties,2021-03-05,330101,10925641,160411,5557196,168591,5367155,1099,1290,204620,3767817,124760,3629098,213322,7396915,
All CA Counties,2021-03-06,254467,11180108,129635,5686831,117061,5484216,7771,9061,157633,3842009,96465,3725563,170657,7567572,
All CA Counties,2021-03-07,123802,11303910,75327,5762158,44453,5528669,4022,13083,76987,3880945,46660,3772223,85596,7653168,
All CA Counties,2021-03-08,214124,11518034,103008,5865166,100779,5629448,10337,23420,139506,3961489,74302,3846525,154846,7808014,
All CA Counties,2021-03-09,264636,11782670,114560,5979726,134335,5763783,15741,39161,142711,4004183,121511,3968036,164205,7972219,
All CA Counties,2021-03-10,311904,12094574,153242,6132968,135018,5898801,23644,62805,167799,4057613,143550,4111586,196980,8169199,
All CA Counties,2021-03-11,370070,12464644,178547,6311515,158946,6057747,32577,95382,190567,4107521,178677,4290263,228585,8397784,
All CA Counties,2021-03-12,386717,12851361,171995,6483510,169032,6226779,45690,141072,188794,4148841,197220,4487483,238540,8636324,
All CA Counties,2021-03-13,277548,13128909,121359,6604869,125523,6352302,30666,171738,149885,4206420,127268,4614751,184847,8821171,
All CA Counties,2021-03-14,151605,13280514,81204,6686073,55636,6407938,14765,186503,81604,4235415,69756,4684507,98751,8919922,
All CA Counties,2021-03-15,286676,13567190,136387,6822460,130022,6537960,20267,206770,156649,4286367,129389,4813896,180341,9100263,
All CA Counties,2021-03-16,365493,13932683,170795,6993255,177638,6715598,17063,223833,214036,4370545,150816,4964712,234994,9335257,
All CA Counties,2021-03-17,377206,14309889,186267,7179522,172774,6888372,18165,241998,234373,4483927,142145,5106857,255527,9590784,
All CA Counties,2021-03-18,391326,14701215,199031,7378553,174636,7063008,17659,259657,234766,4583904,155598,5262455,255575,9846359,
All CA Counties,2021-03-19,401362,15102577,209588,7588141,170490,7233498,21284,280941,235558,4678303,164962,5427417,259361,10105720,
All CA Counties,2021-03-20,288518,15391095,151128,7739269,121993,7355491,15397,296338,185533,4778760,102413,5529830,202870,10308590,
All CA Counties,2021-03-21,140891,15531986,96982,7836251,36529,7392020,7380,303718,88998,4826276,51619,5581449,99135,10407725,
All CA Counties,2021-03-22,267681,15799667,156075,7992326,100796,7492816,10810,314528,177325,4928200,89762,5671211,191686,10599411,
All CA Counties,2021-03-23,350836,16150503,192457,8184783,147739,7640555,10640,325168,226529,5044667,123520,5794731,239987,10839398,
All CA Counties,2021-03-24,380266,16530769,218139,8402922,150113,7790668,12014,337182,224540,5129848,154656,5949387,239837,11079235,
All CA Counties,2021-03-25,407496,16938265,223764,8626686,169564,7960232,14168,351350,235271,5210398,171093,6120480,251643,11330878,
All CA Counties,2021-03-26,424722,17362987,226560,8853246,182448,8142680,15714,367064,235119,5275704,188539,6309019,253845,11584723,
All CA Counties,2021-03-27,305264,17668251,161951,9015197,132092,8274772,11221,378285,157161,5298958,147399,6456418,170653,11755376,
All CA Counties,2021-03-28,165624,17833875,105703,9120900,56358,8331130,3563,381848,90768,5320690,74511,6530929,96243,11851619,
All CA Counties,2021-03-29,304903,18138778,164394,9285294,132074,8463204,8435,390283,174169,5375676,130115,6661044,185101,12036720,
All CA Counties,2021-03-30,390089,18528867,196797,9482091,176116,8639320,17176,407459,238300,5481843,151146,6812190,257313,12294033,
All CA Counties,2021-03-31,417356,18946223,226864,9708955,169527,8808847,20965,428424,240478,5568324,176063,6988253,262544,12556577,
All CA Counties,2021-04-01,477894,19424117,244771,9953726,194727,9003574,38396,466820,265731,5662508,211252,7199505,305436,12862013,
All CA Counties,2021-04-02,460222,19884339,224521,10178247,194321,9197895,41380,508200,251598,5749632,207561,7407066,294685,13156698,
All CA Counties,2021-04-03,320783,20205122,162740,10340987,118086,9315981,39957,548157,161558,5793925,158682,7565748,202975,13359673,
All CA Counties,2021-04-04,130827,20335949,68245,10409232,43864,9359845,18718,566875,58437,5799159,72176,7637924,77410,13437083,
All CA Counties,2021-04-05,344213,20680162,178791,10588023,126887,9486732,38535,605410,172948,5842681,170740,7808664,214262,13651345,
All CA Counties,2021-04-06,449927,21130089,228499,10816522,157083,9643815,64345,669755,220139,5900742,229022,8037686,287083,13938428,
All CA Counties,2021-04-07,463756,21593845,241435,11057957,153657,9797472,68664,738419,227875,5964534,235077,8272763,298869,14237297,
All CA Counties,2021-04-08,489002,22082847,247549,11305506,159167,9956639,82286,820705,232225,6025700,255811,8528574,316977,14554274,
All CA Counties,2021-04-09,480094,22562941,239322,11544828,162892,10119531,77880,898585,223087,6074165,256111,8784685,304576,14858850,
All CA Counties,2021-04-10,357701,22920642,164380,11709208,120964,10240495,72357,970942,151401,6095249,205693,8990378,226777,15085627,
All CA Counties,2021-04-11,182600,23103242,102535,11811743,46684,10287179,33381,1004323,75996,6101898,106311,9096689,112960,15198587,
All CA Counties,2021-04-12,333953,23437195,172379,11984122,124848,10412027,36726,1041049,156171,6121419,176956,9273645,196477,15395064,
All CA Counties,2021-04-13,424271,23861466,236961,12221083,186416,10598443,894,1041943,237252,6177533,186148,9459793,242262,15637326,
All CA Counties,2021-04-14,439815,24301281,247396,12468479,192167,10790610,252,1042195,231483,6208107,207316,9667109,237890,15875216,
All CA Counties,2021-04-15,475467,24776748,277859,12746338,197400,10988010,208,1042403,267968,6274767,206249,9873358,272909,16148125,
All CA Counties,2021-04-16,462638,25239386,261416,13007754,200928,11188938,294,1042697,248409,6313542,213176,10086534,251951,16400076,
All CA Counties,2021-04-17,328584,25567970,185682,13193436,142869,11331807,33,1042730,186342,6362254,141593,10228127,190305,16590381,
All CA Counties,2021-04-18,150782,25718752,95328,13288764,55440,11387247,14,1042744,78783,6373033,71666,10299793,82445,16672826,
All CA Counties,2021-04-19,312314,26031066,180752,13469516,131469,11518716,93,1042837,148467,6361597,163099,10462892,151663,16824489,
All CA Counties,2021-04-20,397682,26428748,211001,13680517,186637,11705353,44,1042881,198675,6367851,198131,10661023,204385,17028874,
All CA Counties,2021-04-21,409359,26838107,232667,13913184,176441,11881794,251,1043132,197754,6361494,210423,10871446,204066,17232940,
All CA Counties,2021-04-22,420832,27258939,240407,14153591,180367,12062161,58,1043190,189295,6327870,230388,11101834,196764,17429704,
All CA Counties,2021-04-23,397541,27656480,228174,14381765,169287,12231448,80,1043270,178685,6299744,217716,11319550,189590,17619294,
All CA Counties,2021-04-24,265118,27921598,165925,14547690,99059,12330507,134,1043404,134264,6311407,130282,11449832,141945,17761239,
All CA Counties,2021-04-25,114924,28036522,72967,14620657,41932,12372439,25,1043429,58839,6316826,55851,11505683,61270,17822509,
All CA Counties,2021-04-26,221228,28257750,125117,14745774,95025,12467464,1086,1044515,96282,6298648,124287,11629970,106109,17928618,
All CA Counties,2021-04-27,179848,28437598,103330,14849104,74616,12542080,1902,1046417,66653,6261157,112722,11742692,75231,18003849,
All CA and Non-CA Counties,2020-12-15,1139,1139,1139,1139,0,0,0,0,1139,1139,0,0,1139,1139,
All CA and Non-CA Counties,2020-12-16,8381,9520,8381,9520,0,0,0,0,8381,9520,0,0,8381,9520,
All CA and Non-CA Counties,2020-12-17,27305,36825,27305,36825,0,0,0,0,27305,36825,0,0,27305,36825,
All CA and Non-CA Counties,2020-12-18,46299,83124,46237,83062,62,62,0,0,46299,83124,0,0,46299,83124,
All CA and Non-CA Counties,2020-12-19,26309,109433,26285,109347,24,86,0,0,26308,109431,1,1,26308,109432,
All CA and Non-CA Counties,2020-12-20,19624,129057,19592,128939,32,118,0,0,19623,129053,1,2,19623,129055,
All CA and Non-CA Counties,2020-12-21,51724,180781,51640,180579,84,202,0,0,51722,180774,1,3,51722,180777,
All CA and Non-CA Counties,2020-12-22,51898,232679,49714,230293,2184,2386,0,0,51896,232669,1,4,51896,232673,
All CA and Non-CA Counties,2020-12-23,51743,284422,42912,273205,8831,11217,0,0,51739,284408,0,4,51739,284412,
All CA and Non-CA Counties,2020-12-24,24809,309231,16927,290132,7882,19099,0,0,24806,309213,1,5,24806,309218,
All CA and Non-CA Counties,2020-12-25,2363,311594,2040,292172,323,19422,0,0,2363,311576,0,5,2363,311581,
All CA and Non-CA Counties,2020-12-26,14907,326501,9632,301804,5275,24697,0,0,14906,326481,1,6,14906,326487,
All CA and Non-CA Counties,2020-12-27,9575,336076,5638,307442,3937,28634,0,0,9574,336054,1,7,9574,336061,
All CA and Non-CA Counties,2020-12-28,47041,383117,30155,337597,16886,45520,0,0,47038,383089,3,10,47038,383099,
All CA and Non-CA Counties,2020-12-29,52539,435656,29514,367111,23025,68545,0,0,52535,435621,3,13,52535,435634,
All CA and Non-CA Counties,2020-12-30,64837,500493,36908,404019,27929,96474,0,0,64829,500447,3,16,64829,500463,
All CA and Non-CA Counties,2020-12-31,30297,530790,11338,415357,18959,115433,0,0,30288,530730,5,21,30288,530751,
All CA and Non-CA Counties,2021-01-01,4001,534791,1740,417097,2261,117694,0,0,3996,534723,3,24,3996,534747,
All CA and Non-CA Counties,2021-01-02,18657,553448,10349,427446,8308,126002,0,0,18655,553377,1,25,18655,553402,
All CA and Non-CA Counties,2021-01-03,6291,559739,3560,431006,2731,128733,0,0,6262,559627,12,37,6262,559664,
All CA and Non-CA Counties,2021-01-04,44428,604167,22413,453419,22015,150748,0,0,44345,603929,43,80,44345,604009,
All CA and Non-CA Counties,2021-01-05,57649,661816,30363,483782,27286,178034,0,0,52026,650474,5566,5646,52111,656120,
All CA and Non-CA Counties,2021-01-06,75563,737379,41920,525702,33643,211677,0,0,59549,694217,15834,21480,59577,715697,
All CA and Non-CA Counties,2021-01-07,95861,833240,54769,580471,41092,252769,0,0,63750,726060,31951,53431,63794,779491,
All CA and Non-CA Counties,2021-01-08,110548,943788,66849,647320,43699,296468,0,0,67633,750978,42774,96205,67692,847183,
All CA and Non-CA Counties,2021-01-09,44893,988681,25567,672887,19326,315794,0,0,28480,763089,16393,112598,28504,875687,
All CA and Non-CA Counties,2021-01-10,24498,1013179,14987,687874,9511,325305,0,0,13169,764961,11313,123911,13185,888872,
All CA and Non-CA Counties,2021-01-11,107345,1120524,71271,759145,36074,361379,0,0,62333,782466,44972,168883,62477,951349,
All CA and Non-CA Counties,2021-01-12,116298,1236822,68696,827841,47602,408981,0,0,73841,814156,42373,211256,74063,1025412,
All CA and Non-CA Counties,2021-01-13,122000,1358822,63079,890920,58921,467902,0,0,87307,866928,34609,245865,87381,1112793,
All CA and Non-CA Counties,2021-01-14,126710,1485532,50543,941463,76167,544069,0,0,106588,953649,20007,265872,106728,1219521,
All CA and Non-CA Counties,2021-01-15,145723,1631255,52978,994441,92745,636814,0,0,130284,1068775,15334,281206,130460,1349981,
All CA and Non-CA Counties,2021-01-16,83005,1714260,27755,1022196,55250,692064,0,0,75318,1136481,7660,288866,75366,1425347,
All CA and Non-CA Counties,2021-01-17,48507,1762767,16915,1039111,31592,723656,0,0,44832,1177689,3668,292534,44876,1470223,
All CA and Non-CA Counties,2021-01-18,88798,1851565,46365,1085476,42433,766089,0,0,69221,1227563,19496,312030,69370,1539593,
All CA and Non-CA Counties,2021-01-19,145321,1996886,74638,1160114,70683,836772,0,0,113408,1309459,31820,343850,113716,1653309,
All CA and Non-CA Counties,2021-01-20,162349,2159235,81534,1241648,80815,917587,0,0,128296,1404117,33874,377724,128532,1781841,
All CA and Non-CA Counties,2021-01-21,176084,2335319,77204,1318852,98880,1016467,0,0,156725,1542008,19146,396870,157037,1938878,
All CA and Non-CA Counties,2021-01-22,173037,2508356,69738,1388590,103299,1119766,0,0,158475,1686211,14428,411298,158631,2097509,
All CA and Non-CA Counties,2021-01-23,113179,2621535,49707,1438297,63472,1183238,0,0,100506,1774213,12614,423912,100616,2198125,
All CA and Non-CA Counties,2021-01-24,61446,2682981,29706,1468003,31740,1214978,0,0,56751,1826350,4666,428578,56803,2254928,
All CA and Non-CA Counties,2021-01-25,148077,2831058,66737,1534740,81340,1296318,0,0,112627,1903950,35366,463944,112966,2367894,
All CA and Non-CA Counties,2021-01-26,173524,3004582,85246,1619986,88278,1384596,0,0,135674,2002152,37730,501674,135932,2503826,
All CA and Non-CA Counties,2021-01-27,183880,3188462,90403,1710389,93477,1478073,0,0,144444,2107738,39072,540746,144658,2648484,
All CA and Non-CA Counties,2021-01-28,191751,3380213,88730,1799119,103021,1581094,0,0,157455,2231393,34013,574759,157668,2806152,
All CA and Non-CA Counties,2021-01-29,187345,3567558,90925,1890044,96420,1677514,0,0,152267,2349341,34523,609282,152471,2958623,
All CA and Non-CA Counties,2021-01-30,126976,3694534,57401,1947445,69575,1747089,0,0,111811,2446300,15008,624290,111967,3070590,
All CA and Non-CA Counties,2021-01-31,72304,3766838,41625,1989070,30679,1777768,0,0,67221,2508530,5038,629328,67268,3137858,
All CA and Non-CA Counties,2021-02-01,163374,3930212,75302,2064372,88072,1865840,0,0,124693,2594810,38539,667867,124819,3262677,
All CA and Non-CA Counties,2021-02-02,192003,4122215,81589,2145961,110414,1976254,0,0,145715,2694804,45935,713802,145929,3408606,
All CA and Non-CA Counties,2021-02-03,216940,4339155,96867,2242828,120073,2096327,0,0,162566,2803696,53896,767698,162788,3571394,
All CA and Non-CA Counties,2021-02-04,233946,4573101,101881,2344709,132065,2228392,0,0,172714,2916055,60693,828391,173052,3744446,
All CA and Non-CA Counties,2021-02-05,251643,4824744,108307,2453016,143336,2371728,0,0,172531,3010756,78363,906754,173064,3917510,
All CA and Non-CA Counties,2021-02-06,158782,4983526,76804,2529820,81978,2453706,0,0,123799,3100230,34812,941566,124286,4041796,
All CA and Non-CA Counties,2021-02-07,68724,5052250,44809,2574629,23915,2477621,0,0,52296,3136625,16344,957910,52739,4094535,
All CA and Non-CA Counties,2021-02-08,184885,5237135,91478,2666107,93407,2571028,0,0,122905,3198721,61526,1019436,123622,4218157,
All CA and Non-CA Counties,2021-02-09,214258,5451393,103420,2769527,110838,2681866,0,0,129159,3244347,84668,1104104,130294,4348451,
All CA and Non-CA Counties,2021-02-10,252874,5704267,121232,2890759,131642,2813508,0,0,141180,3276118,110887,1214991,142658,4491109,
All CA and Non-CA Counties,2021-02-11,267430,5971697,132361,3023120,135069,2948577,0,0,148063,3307600,118353,1333344,149835,4640944,
All CA and Non-CA Counties,2021-02-12,275467,6247164,120315,3143435,155152,3103729,0,0,149741,3334673,124994,1458338,152067,4793011,
All CA and Non-CA Counties,2021-02-13,168509,6415673,77668,3221103,90841,3194570,0,0,93696,3355909,74406,1532744,95642,4888653,
All CA and Non-CA Counties,2021-02-14,96418,6512091,47803,3268906,48615,3243185,0,0,52624,3366563,43645,1576389,54299,4942952,
All CA and Non-CA Counties,2021-02-15,143769,6655860,63677,3332583,80092,3323277,0,0,79551,3385444,63861,1640250,82742,5025694,
All CA and Non-CA Counties,2021-02-16,253493,6909353,120423,3453006,133070,3456347,0,0,135067,3405868,118079,1758329,138503,5164197,
All CA and Non-CA Counties,2021-02-17,262270,7171623,130937,3583943,131333,3587680,0,0,129788,3407319,131997,1890326,133448,5297645,
All CA and Non-CA Counties,2021-02-18,276623,7448246,145124,3729067,131499,3719179,0,0,133639,3403302,142352,2032678,138335,5435980,
All CA and Non-CA Counties,2021-02-19,255315,7703561,148801,3877868,106514,3825693,0,0,131886,3414370,122991,2155669,134059,5570039,
All CA and Non-CA Counties,2021-02-20,153749,7857310,99341,3977209,54408,3880101,0,0,84405,3431950,69115,2224784,86695,5656734,
All CA and Non-CA Counties,2021-02-21,73670,7930980,59569,4036778,14101,3894202,0,0,36085,3432967,37375,2262159,38392,5695126,
All CA and Non-CA Counties,2021-02-22,165641,8096621,111500,4148278,54141,3948343,0,0,82938,3436018,82402,2344561,85453,5780579,
All CA and Non-CA Counties,2021-02-23,226858,8323479,119580,4267858,107278,4055621,0,0,104734,3426138,121602,2466163,111722,5892301,
All CA and Non-CA Counties,2021-02-24,286301,8609780,144722,4412580,141579,4197200,0,0,135837,3420729,149889,2616052,144480,6036781,
All CA and Non-CA Counties,2021-02-25,321738,8931518,157506,4570086,164232,4361432,0,0,167688,3444504,153388,2769440,177163,6213944,
All CA and Non-CA Counties,2021-02-26,355630,9287148,166159,4736245,189471,4550903,0,0,198347,3493786,156378,2925818,205660,6419604,
All CA and Non-CA Counties,2021-02-27,250615,9537763,119780,4856025,130815,4681718,20,20,140759,3529839,109302,3035120,145355,6564959,
All CA and Non-CA Counties,2021-02-28,131686,9669449,78933,4934958,52751,4734469,2,22,76548,3555424,54781,3089901,80366,6645325,
All CA and Non-CA Counties,2021-03-01,240178,9909627,127706,5062664,112430,4846899,42,64,137434,3595636,102147,3192048,142359,6787684,
All CA and Non-CA Counties,2021-03-02,280457,10190084,135531,5198195,144912,4991811,14,78,165288,3654070,114728,3306776,173162,6960846,
All CA and Non-CA Counties,2021-03-03,333270,10523354,163539,5361734,169695,5161506,36,114,189493,3708644,143163,3449939,197737,7158583,
All CA and Non-CA Counties,2021-03-04,349656,10873010,174650,5536384,174921,5336427,85,199,203717,3774779,145263,3595202,211398,7369981,
All CA and Non-CA Counties,2021-03-05,335183,11208193,162870,5699254,171200,5507627,1113,1312,207233,3863506,127229,3722431,215956,7585937,
All CA and Non-CA Counties,2021-03-06,259100,11467293,131775,5831029,119395,5627022,7930,9242,159991,3937950,98738,3821169,173182,7759119,
All CA and Non-CA Counties,2021-03-07,125355,11592648,76307,5907336,44973,5671995,4075,13317,77918,3977251,47280,3868449,86581,7845700,
All CA and Non-CA Counties,2021-03-08,217123,11809771,104736,6012072,101801,5773796,10586,23903,141595,4059256,75184,3943633,157189,8002889,
All CA and Non-CA Counties,2021-03-09,268946,12078717,116605,6128677,136276,5910072,16065,39968,145147,4102839,123382,4067015,166965,8169854,
All CA and Non-CA Counties,2021-03-10,316021,12394738,155088,6283765,136779,6046851,24154,64122,170253,4157584,145206,4212221,199951,8369805,
All CA and Non-CA Counties,2021-03-11,376023,12770761,181466,6465231,161292,6208143,33265,97387,193708,4208516,181483,4393704,232415,8602220,
All CA and Non-CA Counties,2021-03-12,392928,13163689,175633,6640864,170874,6379017,46421,143808,192100,4250979,200115,4593819,242578,8844798,
All CA and Non-CA Counties,2021-03-13,281282,13444971,123503,6764367,126647,6505664,31132,174940,152478,4310485,128403,4722222,187909,9032707,
All CA and Non-CA Counties,2021-03-14,153372,13598343,82103,6846470,56177,6561841,15092,190032,82654,4340140,70474,4792696,100129,9132836,
All CA and Non-CA Counties,2021-03-15,290628,13888971,138431,6984901,131498,6693339,20699,210731,158755,4391791,131232,4923928,182883,9315719,
All CA and Non-CA Counties,2021-03-16,372781,14261752,174943,7159844,180404,6873743,17437,228168,218018,4477020,154120,5078048,239349,9555068,
All CA and Non-CA Counties,2021-03-17,385277,14647029,191347,7351191,175399,7049142,18531,246699,239102,4592161,145482,5223530,260623,9815691,
All CA and Non-CA Counties,2021-03-18,399314,15046343,203841,7555032,177285,7226427,18188,264887,239332,4693820,159011,5382541,260670,10076361,
All CA and Non-CA Counties,2021-03-19,408690,15455033,213930,7768962,172930,7399357,21830,286717,239996,4790313,167855,5550396,264348,10340709,
All CA and Non-CA Counties,2021-03-20,293262,15748295,154226,7923188,123549,7522906,15487,302204,189185,4893430,103496,5653892,206613,10547322,
All CA and Non-CA Counties,2021-03-21,142918,15891213,98348,8021536,37103,7560009,7467,309671,90626,4942266,52015,5705907,100851,10648173,
All CA and Non-CA Counties,2021-03-22,270933,16162146,158024,8179560,102010,7662019,10899,320570,179570,5045527,90759,5796666,194020,10842193,
All CA and Non-CA Counties,2021-03-23,356864,16519010,195517,8375077,150432,7812451,10915,331485,230779,5164752,125289,5921955,244514,11086707,
All CA and Non-CA Counties,2021-03-24,387550,16906560,221858,8596935,153253,7965704,12439,343924,229679,5253345,156806,6078761,245399,11332106,
All CA and Non-CA Counties,2021-03-25,415666,17322226,227483,8824418,173529,8139233,14654,358578,241405,5338484,173123,6251884,258262,11590368,
All CA and Non-CA Counties,2021-03-26,431368,17753594,230015,9054433,185466,8324699,15887,374465,239675,5406448,190609,6442493,258573,11848941,
All CA and Non-CA Counties,2021-03-27,310622,18064216,165005,9219438,134296,8458995,11321,385786,160617,5431356,149297,6591790,174205,12023146,
All CA and Non-CA Counties,2021-03-28,168682,18232898,107319,9326757,57643,8516638,3720,389506,92828,5454315,75501,6667291,98460,12121606,
All CA and Non-CA Counties,2021-03-29,309934,18542832,166600,9493357,134564,8651202,8770,398276,177219,5510709,132093,6799384,188487,12310093,
All CA and Non-CA Counties,2021-03-30,396820,18939652,200243,9693600,178860,8830062,17717,415993,242551,5619205,153617,6953001,262113,12572206,
All CA and Non-CA Counties,2021-03-31,423547,19363199,230509,9924109,171313,9001375,21725,437718,244045,5707390,178685,7131686,266870,12839076,
All CA and Non-CA Counties,2021-04-01,485102,19848301,248952,10173061,197134,9198509,39016,476734,270016,5803556,214169,7345855,310335,13149411,
All CA and Non-CA Counties,2021-04-02,468494,20316795,228760,10401821,197221,9395730,42513,519247,256085,5892517,211345,7557200,300306,13449717,
All CA and Non-CA Counties,2021-04-03,326943,20643738,166340,10568161,119498,9515228,41105,560352,164837,5938358,161561,7718761,207402,13657119,
All CA and Non-CA Counties,2021-04-04,132632,20776370,69136,10637297,44540,9559768,18956,579308,59452,5944057,72964,7791725,78663,13735782,
All CA and Non-CA Counties,2021-04-05,348170,21124540,180697,10817994,128288,9688056,39185,618493,174881,5988140,172763,7964488,216846,13952628,
All CA and Non-CA Counties,2021-04-06,456575,21581115,231956,11049950,158726,9846782,65893,684386,222800,6046434,232996,8197484,291290,14243918,
All CA and Non-CA Counties,2021-04-07,471536,22052651,245795,11295745,155419,10002201,70322,754708,231070,6110493,239654,8437138,303713,14547631,
All CA and Non-CA Counties,2021-04-08,496801,22549452,251585,11547330,161029,10163230,84187,838895,235396,6172104,260431,8697569,322042,14869673,
All CA and Non-CA Counties,2021-04-09,487548,23037000,243129,11790459,164610,10327840,79809,918704,226144,6221166,260503,8958072,309565,15179238,
All CA and Non-CA Counties,2021-04-10,363795,23400795,167465,11957924,122105,10449945,74225,992929,153138,6241501,210046,9168118,230381,15409619,
All CA and Non-CA Counties,2021-04-11,185451,23586246,104071,12061995,47363,10497308,34017,1026946,77039,6248023,108118,9276236,114640,15524259,
All CA and Non-CA Counties,2021-04-12,337912,23924158,174587,12236582,126079,10623387,37246,1064192,158027,6267821,179055,9455291,198853,15723112,
All CA and Non-CA Counties,2021-04-13,429851,24354009,240491,12477073,188439,10811826,921,1065113,240066,6324018,188909,9644200,245106,15968218,
All CA and Non-CA Counties,2021-04-14,444997,24799006,250665,12727738,194078,11005904,254,1065367,234312,6355075,209664,9853864,240721,16208939,
All CA and Non-CA Counties,2021-04-15,481433,25280439,281488,13009226,199730,11205634,215,1065582,271220,6422333,208911,10062775,276169,16485108,
All CA and Non-CA Counties,2021-04-16,468555,25748994,264846,13274072,203409,11409043,300,1065882,251843,6462073,215653,10278428,255393,16740501,
All CA and Non-CA Counties,2021-04-17,333760,26082754,188721,13462793,145005,11554048,34,1065916,189296,6511525,143808,10422236,193260,16933761,
All CA and Non-CA Counties,2021-04-18,152887,26235641,96492,13559285,56380,11610428,15,1065931,79793,6522227,72755,10494991,83457,17017218,
All CA and Non-CA Counties,2021-04-19,316449,26552090,182711,13741996,133644,11744072,94,1066025,150636,6511007,165055,10660046,153835,17171053,
All CA and Non-CA Counties,2021-04-20,403237,26955327,213629,13955625,189564,11933636,44,1066069,201179,6516722,201174,10861220,206889,17377942,
All CA and Non-CA Counties,2021-04-21,416217,27371544,235732,14191357,180232,12113868,253,1066322,200564,6509142,214460,11075680,206880,17584822,
All CA and Non-CA Counties,2021-04-22,428857,27800401,244758,14436115,184038,12297906,61,1066383,193031,6474983,234665,11310345,200506,17785328,
All CA and Non-CA Counties,2021-04-23,404370,28204771,231722,14667837,172567,12470473,81,1066464,182055,6446789,221159,11531504,192965,17978293,
All CA and Non-CA Counties,2021-04-24,270438,28475209,169625,14837462,100676,12571149,137,1066601,136983,6458580,132878,11664382,144669,18122962,
All CA and Non-CA Counties,2021-04-25,117163,28592372,74313,14911775,42821,12613970,29,1066630,60192,6464472,56735,11721117,62627,18185589,
All CA and Non-CA Counties,2021-04-26,224641,28817013,126710,15038485,96813,12710783,1118,1067748,98084,6446528,125890,11847007,107946,18293535,
All CA and Non-CA Counties,2021-04-27,183012,29000025,104282,15142767,76647,12787430,2083,1069831,67762,6408282,114771,11961778,76525,18370060,
Outside California,2020-12-15,7,7,7,7,0,0,0,0,7,7,0,0,7,7,Not in California
Outside California,2020-12-16,268,275,268,275,0,0,0,0,268,275,0,0,268,275,Not in California
Outside California,2020-12-17,1601,1876,1601,1876,0,0,0,0,1601,1876,0,0,1601,1876,Not in California
Outside California,2020-12-18,2570,4446,2563,4439,7,7,0,0,2570,4446,0,0,2570,4446,Not in California
Outside California,2020-12-19,1043,5489,1042,5481,1,8,0,0,1043,5489,0,0,1043,5489,Not in California
Outside California,2020-12-20,676,6165,674,6155,2,10,0,0,676,6165,0,0,676,6165,Not in California
Outside California,2020-12-21,2201,8366,2199,8354,2,12,0,0,2201,8366,0,0,2201,8366,Not in California
Outside California,2020-12-22,2070,10436,1997,10351,73,85,0,0,2070,10436,0,0,2070,10436,Not in California
Outside California,2020-12-23,1554,11990,1419,11770,135,220,0,0,1554,11990,0,0,1554,11990,Not in California
Outside California,2020-12-24,807,12797,615,12385,192,412,0,0,807,12797,0,0,807,12797,Not in California
Outside California,2020-12-25,33,12830,29,12414,4,416,0,0,33,12830,0,0,33,12830,Not in California
Outside California,2020-12-26,308,13138,204,12618,104,520,0,0,308,13138,0,0,308,13138,Not in California
Outside California,2020-12-27,186,13324,72,12690,114,634,0,0,186,13324,0,0,186,13324,Not in California
Outside California,2020-12-28,1424,14748,906,13596,518,1152,0,0,1424,14748,0,0,1424,14748,Not in California
Outside California,2020-12-29,1556,16304,1019,14615,537,1689,0,0,1556,16304,0,0,1556,16304,Not in California
Outside California,2020-12-30,1926,18230,1235,15850,691,2380,0,0,1926,18230,0,0,1926,18230,Not in California
Outside California,2020-12-31,1125,19355,598,16448,527,2907,0,0,1124,19353,1,1,1124,19354,Not in California
Outside California,2021-01-01,111,19466,23,16471,88,2995,0,0,111,19464,0,1,111,19465,Not in California
Outside California,2021-01-02,241,19707,133,16604,108,3103,0,0,240,19703,1,2,240,19705,Not in California
Outside California,2021-01-03,170,19877,90,16694,80,3183,0,0,170,19873,0,2,170,19875,Not in California
Outside California,2021-01-04,1148,21025,509,17203,639,3822,0,0,1144,21017,0,2,1144,21019,Not in California
Outside California,2021-01-05,1544,22569,814,18017,730,4552,0,0,1353,22181,189,191,1353,22372,Not in California
Outside California,2021-01-06,2717,25286,1603,19620,1114,5666,0,0,1980,23427,734,925,1980,24352,Not in California
Outside California,2021-01-07,4162,29448,2551,22171,1611,7277,0,0,2501,24271,1659,2584,2503,26855,Not in California
Outside California,2021-01-08,4532,33980,2932,25103,1600,8877,0,0,2648,25048,1874,4458,2651,29506,Not in California
Outside California,2021-01-09,1324,35304,531,25634,793,9670,0,0,996,25720,326,4784,998,30504,Not in California
Outside California,2021-01-10,301,35605,179,25813,122,9792,0,0,181,25781,120,4904,181,30685,Not in California
Outside California,2021-01-11,3314,38919,2016,27829,1298,11090,0,0,1976,26419,1338,6242,1976,32661,Not in California
Outside California,2021-01-12,3882,42801,2317,30146,1565,12655,0,0,2335,27211,1544,7786,2336,34997,Not in California
Outside California,2021-01-13,3695,46496,1800,31946,1895,14550,0,0,2519,28556,1176,8962,2521,37518,Not in California
Outside California,2021-01-14,3786,50282,1283,33229,2503,17053,0,0,3139,31062,634,9596,3140,40658,Not in California
Outside California,2021-01-15,4325,54607,994,34223,3331,20384,0,0,3854,34458,458,10054,3854,44512,Not in California
Outside California,2021-01-16,2701,57308,380,34603,2321,22705,0,0,2532,36823,167,10221,2532,47044,Not in California
Outside California,2021-01-17,496,57804,146,34749,350,23055,0,0,447,37221,49,10270,447,47491,Not in California
Outside California,2021-01-18,1206,59010,775,35524,431,23486,0,0,748,37513,457,10727,749,48240,Not in California
Outside California,2021-01-19,4064,63074,1317,36841,2747,26233,0,0,3170,39791,894,11621,3172,51412,Not in California
Outside California,2021-01-20,4421,67495,1405,38246,3016,29249,0,0,3488,42349,931,12552,3489,54901,Not in California
Outside California,2021-01-21,4159,71654,1113,39359,3046,32295,0,0,3594,45393,550,13102,3594,58495,Not in California
Outside California,2021-01-22,4642,76296,1079,40438,3563,35858,0,0,4248,49252,390,13492,4249,62744,Not in California
Outside California,2021-01-23,2259,78555,331,40769,1928,37786,0,0,2095,51183,164,13656,2095,64839,Not in California
Outside California,2021-01-24,605,79160,246,41015,359,38145,0,0,527,51632,78,13734,527,65366,Not in California
Outside California,2021-01-25,4473,83633,1961,42976,2512,40657,0,0,3606,54374,865,14599,3607,68973,Not in California
Outside California,2021-01-26,5967,89600,2900,45876,3067,43724,0,0,5118,58651,848,15447,5125,74098,Not in California
Outside California,2021-01-27,4824,94424,2677,48553,2147,45871,0,0,4211,62254,609,16056,4212,78310,Not in California
Outside California,2021-01-28,5151,99575,2764,51317,2387,48258,0,0,4621,66357,519,16575,4622,82932,Not in California
Outside California,2021-01-29,4823,104398,2987,54304,1836,50094,0,0,4041,69622,778,17353,4043,86975,Not in California
Outside California,2021-01-30,4349,108747,2302,56606,2047,52141,0,0,4122,73521,223,17576,4122,91097,Not in California
Outside California,2021-01-31,3178,111925,2758,59364,420,52561,0,0,3126,76596,52,17628,3127,94224,Not in California
Outside California,2021-02-01,5489,117414,2571,61935,2918,55479,0,0,4797,80707,686,18314,4797,99021,Not in California
Outside California,2021-02-02,6774,124188,2169,64104,4605,60084,0,0,6053,86046,714,19028,6053,105074,Not in California
Outside California,2021-02-03,7338,131526,2089,66193,5249,65333,0,0,6470,91657,860,19888,6471,111545,Not in California
Outside California,2021-02-04,6799,138325,2173,68366,4626,69959,0,0,5815,96497,975,20863,5815,117360,Not in California
Outside California,2021-02-05,6822,145147,2213,70579,4609,74568,0,0,5758,101195,1060,21923,5758,123118,Not in California
Outside California,2021-02-06,4452,149599,2172,72751,2280,76848,0,0,3997,104749,446,22369,4000,127118,Not in California
Outside California,2021-02-07,2172,151771,1789,74540,383,77231,0,0,2094,106767,78,22447,2096,129214,Not in California
Outside California,2021-02-08,5241,157012,3277,77817,1964,79195,0,0,4183,109902,1048,23495,4183,133397,Not in California
Outside California,2021-02-09,4281,161293,1900,79717,2381,81576,0,0,2975,111594,1297,24792,2989,136386,Not in California
Outside California,2021-02-10,5539,166832,1860,81577,3679,85255,0,0,3094,112292,2438,27230,3136,139522,Not in California
Outside California,2021-02-11,4719,171551,2142,83719,2577,87832,0,0,3424,114446,1287,28517,3441,142963,Not in California
Outside California,2021-02-12,5214,176765,1924,85643,3290,91122,0,0,3403,116048,1805,30322,3407,146370,Not in California
Outside California,2021-02-13,2397,179162,694,86337,1703,92825,0,0,1852,117367,545,30867,1864,148234,Not in California
Outside California,2021-02-14,1325,180487,401,86738,924,93749,0,0,1085,118217,237,31104,1087,149321,Not in California
Outside California,2021-02-15,2500,182987,1513,88251,987,94736,0,0,1197,118129,1289,32393,1201,150522,Not in California
Outside California,2021-02-16,6440,189427,2894,91145,3546,98282,0,0,2617,116937,3813,36206,2621,153143,Not in California
Outside California,2021-02-17,5909,195336,2939,94084,2970,101252,0,0,1835,114707,4069,40275,1839,154982,Not in California
Outside California,2021-02-18,6356,201692,3655,97739,2701,103953,0,0,2034,112437,4305,44580,2035,157017,Not in California
Outside California,2021-02-19,5692,207384,3934,101673,1758,105711,0,0,2413,111577,3274,47854,2414,159431,Not in California
Outside California,2021-02-20,3238,210622,2587,104260,651,106362,0,0,1194,110730,2042,49896,1195,160626,Not in California
Outside California,2021-02-21,1787,212409,1571,105831,216,106578,0,0,619,110185,1164,51060,619,161245,Not in California
Outside California,2021-02-22,3457,215866,2532,108363,925,107503,0,0,1621,109975,1836,52896,1626,162871,Not in California
Outside California,2021-02-23,5860,221726,3244,111607,2616,110119,0,0,2313,108760,3542,56438,2327,165198,Not in California
Outside California,2021-02-24,6347,228073,3493,115100,2854,112973,0,0,2499,107421,3843,60281,2504,167702,Not in California
Outside California,2021-02-25,6908,234981,3505,118605,3403,116376,0,0,3132,106812,3745,64026,3136,170838,Not in California
Outside California,2021-02-26,6809,241790,3612,122217,3197,119573,0,0,3178,106437,3554,67580,3179,174017,Not in California
Outside California,2021-02-27,5292,247082,2558,124775,2733,122306,1,1,1840,104840,3441,71021,1844,175861,Not in California
Outside California,2021-02-28,2419,249501,1765,126540,654,122960,0,1,793,104010,1624,72645,794,176655,Not in California
Outside California,2021-03-01,4717,254218,2931,129471,1785,124745,1,2,1302,101910,3408,76053,1308,177963,Not in California
Outside California,2021-03-02,6190,260408,2007,131478,4183,128928,0,2,1874,99480,4306,80359,1876,179839,Not in California
Outside California,2021-03-03,7758,268166,2962,134440,4794,133722,2,4,2592,96924,5154,85513,2598,182437,Not in California
Outside California,2021-03-04,6714,274880,2823,137263,3887,137609,4,8,2326,94884,4372,89885,2332,184769,Not in California
Outside California,2021-03-05,5051,279931,2446,139709,2591,140200,14,22,2579,95021,2463,92348,2600,187369,Not in California
Outside California,2021-03-06,4602,284533,2130,141839,2315,142515,157,179,2336,95258,2264,94612,2501,189870,Not in California
Outside California,2021-03-07,1544,286077,979,142818,512,143027,53,232,926,95621,617,95229,980,190850,Not in California
Outside California,2021-03-08,2966,289043,1705,144523,1014,144041,247,479,2081,97098,856,96085,2333,193183,Not in California
Outside California,2021-03-09,4271,293314,2013,146536,1938,145979,320,799,2426,98003,1841,97926,2746,195929,Not in California
Outside California,2021-03-10,4108,297422,1840,148376,1760,147739,508,1307,2449,99316,1651,99577,2964,198893,Not in California
Outside California,2021-03-11,5916,303338,2906,151282,2336,150075,674,1981,3126,100332,2785,102362,3801,202694,Not in California
Outside California,2021-03-12,6129,309467,3582,154864,1821,151896,726,2707,3290,101517,2832,105194,4017,206711,Not in California
Outside California,2021-03-13,3710,313177,2140,157004,1108,153004,462,3169,2585,103448,1119,106313,3050,209761,Not in California
Outside California,2021-03-14,1750,314927,890,157894,535,153539,325,3494,1043,104110,707,107020,1369,211130,Not in California
Outside California,2021-03-15,3922,318849,2033,159927,1459,154998,430,3924,2086,104800,1830,108850,2520,213650,Not in California
Outside California,2021-03-16,7226,326075,4127,164054,2728,157726,371,4295,3938,105822,3286,112136,4308,217958,Not in California
Outside California,2021-03-17,8024,334099,5065,169119,2594,160320,365,4660,4688,107543,3333,115469,5054,223012,Not in California
Outside California,2021-03-18,7947,342046,4790,173909,2628,162948,529,5189,4537,109208,3401,118870,5066,228078,Not in California
Outside California,2021-03-19,7300,349346,4323,178232,2431,165379,546,5735,4412,111284,2885,121755,4961,233039,Not in California
Outside California,2021-03-20,4711,354057,3084,181316,1537,166916,90,5825,3634,113938,1071,122826,3725,236764,Not in California
Outside California,2021-03-21,2004,356061,1349,182665,568,167484,87,5912,1609,115242,393,123219,1697,238461,Not in California
Outside California,2021-03-22,3218,359279,1931,184596,1199,168683,88,6000,2227,116572,985,124204,2315,240776,Not in California
Outside California,2021-03-23,6005,365284,3051,187647,2684,171367,270,6270,4234,119320,1758,125962,4506,245282,Not in California
Outside California,2021-03-24,7258,372542,3710,191357,3123,174490,425,6695,5107,122705,2145,128107,5530,250812,Not in California
Outside California,2021-03-25,8122,380664,3686,195043,3950,178440,486,7181,6095,127269,2016,130123,6580,257392,Not in California
Outside California,2021-03-26,6607,387271,3436,198479,3003,181443,168,7349,4529,129911,2054,132177,4696,262088,Not in California
Outside California,2021-03-27,5319,392590,3041,201520,2178,183621,100,7449,3431,131560,1878,134055,3527,265615,Not in California
Outside California,2021-03-28,3041,395631,1607,203127,1277,184898,157,7606,2050,132781,986,135041,2207,267822,Not in California
Outside California,2021-03-29,4996,400627,2192,205319,2470,187368,334,7940,3027,134177,1966,137007,3362,271184,Not in California
Outside California,2021-03-30,6696,407323,3426,208745,2729,190097,541,8481,4227,136495,2458,139465,4776,275960,Not in California
Outside California,2021-03-31,6153,413476,3621,212366,1772,191869,760,9241,3539,138182,2611,142076,4298,280258,Not in California
Outside California,2021-04-01,7179,420655,4167,216533,2392,194261,620,9861,4261,140145,2912,144988,4875,285133,Not in California
Outside California,2021-04-02,8209,428864,4223,220756,2862,197123,1124,10985,4453,141972,3751,148739,5578,290711,Not in California
Outside California,2021-04-03,6142,435006,3591,224347,1403,198526,1148,12133,3268,143519,2869,151608,4416,295127,Not in California
Outside California,2021-04-04,1789,436795,886,225233,665,199191,238,12371,1005,143979,783,152391,1243,296370,Not in California
Outside California,2021-04-05,3923,440718,1886,227119,1388,200579,649,13020,1912,144533,2008,154399,2562,298932,Not in California
Outside California,2021-04-06,6614,447332,3440,230559,1627,202206,1547,14567,2645,144767,3956,158355,4190,303122,Not in California
Outside California,2021-04-07,7737,455069,4331,234890,1749,203955,1657,16224,3163,145011,4567,162922,4811,307933,Not in California
Outside California,2021-04-08,7761,462830,4011,238901,1853,205808,1897,18121,3154,145456,4599,167521,5044,312977,Not in California
Outside California,2021-04-09,7412,470242,3782,242683,1701,207509,1929,20050,3030,146041,4377,171898,4962,317939,Not in California
Outside California,2021-04-10,6084,476326,3076,245759,1140,208649,1868,21918,1734,145296,4346,176244,3601,321540,Not in California
Outside California,2021-04-11,2837,479163,1526,247285,675,209324,636,22554,1038,145173,1798,178042,1675,323215,Not in California
Outside California,2021-04-12,3919,483082,2185,249470,1215,210539,519,23073,1839,145455,2076,180118,2358,325573,Not in California
Outside California,2021-04-13,5511,488593,3504,252974,1980,212519,27,23100,2786,145551,2720,182838,2816,328389,Not in California
Outside California,2021-04-14,5143,493736,3257,256231,1884,214403,2,23102,2816,146047,2322,185160,2818,331207,Not in California
Outside California,2021-04-15,5913,499649,3605,259836,2302,216705,6,23108,3228,146648,2634,187794,3235,334442,Not in California
Outside California,2021-04-16,5858,505507,3388,263224,2464,219169,6,23114,3396,147596,2456,190250,3404,337846,Not in California
Outside California,2021-04-17,5150,510657,3024,266248,2125,221294,1,23115,2945,148342,2199,192449,2945,340791,Not in California
Outside California,2021-04-18,2085,512742,1156,267404,928,222222,1,23116,1002,148269,1077,193526,1004,341795,Not in California
Outside California,2021-04-19,4096,516838,1934,269338,2161,224383,1,23117,2149,148483,1938,195464,2152,343947,Not in California
Outside California,2021-04-20,5535,522373,2615,271953,2920,227303,0,23117,2498,147952,3029,198493,2498,346445,Not in California
Outside California,2021-04-21,6763,529136,2990,274943,3771,231074,2,23119,2737,146678,4015,202508,2741,349186,Not in California
Outside California,2021-04-22,7658,536794,4181,279124,3474,234548,3,23122,3403,145842,4245,206753,3409,352595,Not in California
Outside California,2021-04-23,6482,543276,3394,282518,3087,237635,1,23123,3053,145486,3414,210167,3058,355653,Not in California
Outside California,2021-04-24,4959,548235,3491,286009,1465,239100,3,23126,2377,145291,2577,212744,2382,358035,Not in California
Outside California,2021-04-25,1923,550158,1150,287159,769,239869,4,23130,1055,145483,867,213611,1059,359094,Not in California
Outside California,2021-04-26,3121,553279,1401,288560,1688,241557,32,23162,1527,145459,1586,215197,1562,360656,Not in California
Outside California,2021-04-27,3162,556441,952,289512,2029,243586,181,23343,1108,144704,2048,217245,1293,361949,Not in California
Unknown,2020-12-17,2,2,2,2,0,0,0,0,0,0,0,0,0,0,Not in California
Unknown,2020-12-18,10,12,10,12,0,0,0,0,9,9,0,0,9,9,Not in California
Unknown,2020-12-19,81,93,81,93,0,0,0,0,81,90,0,0,81,90,Not in California
Unknown,2020-12-20,24,117,24,117,0,0,0,0,24,114,0,0,24,114,Not in California
Unknown,2020-12-21,5,122,5,122,0,0,0,0,1,115,0,0,1,115,Not in California
Unknown,2020-12-22,3,125,3,125,0,0,0,0,3,118,0,0,3,118,Not in California
Unknown,2020-12-26,1,126,1,126,0,0,0,0,1,119,0,0,1,119,Not in California
Unknown,2020-12-28,4,130,4,130,0,0,0,0,4,123,0,0,4,123,Not in California
Unknown,2020-12-29,3,133,3,133,0,0,0,0,3,126,0,0,3,126,Not in California
Unknown,2020-12-30,58,191,55,188,3,3,0,0,56,182,0,0,56,182,Not in California
Unknown,2020-12-31,3,194,0,188,3,6,0,0,1,183,0,0,1,183,Not in California
Unknown,2021-01-02,1,195,0,188,1,7,0,0,1,184,0,0,1,184,Not in California
Unknown,2021-01-04,3,198,3,191,0,7,0,0,2,186,0,0,2,186,Not in California
Unknown,2021-01-05,2,200,0,191,2,9,0,0,2,188,0,0,2,188,Not in California
Unknown,2021-01-06,31,231,29,220,2,11,0,0,6,170,24,24,6,194,Not in California
Unknown,2021-01-07,110,341,107,327,3,14,0,0,72,204,38,62,72,266,Not in California
Unknown,2021-01-08,26,367,21,348,5,19,0,0,5,188,21,83,5,271,Not in California
Unknown,2021-01-09,3,370,2,350,1,20,0,0,4,192,0,83,4,275,Not in California
Unknown,2021-01-11,22,392,22,372,0,20,0,0,18,207,3,86,18,293,Not in California
Unknown,2021-01-12,9,401,7,379,2,22,0,0,7,214,1,87,8,301,Not in California
Unknown,2021-01-13,11,412,11,390,0,22,0,0,12,226,0,87,12,313,Not in California
Unknown,2021-01-14,4,416,3,393,1,23,0,0,4,230,0,87,4,317,Not in California
Unknown,2021-01-15,4,420,3,396,1,24,0,0,4,234,0,87,4,321,Not in California
Unknown,2021-01-16,7,427,7,403,0,24,0,0,6,239,1,88,6,327,Not in California
Unknown,2021-01-17,3,430,3,406,0,24,0,0,3,242,0,88,3,330,Not in California
Unknown,2021-01-18,55,485,55,461,0,24,0,0,53,293,2,90,53,383,Not in California
Unknown,2021-01-19,23,508,22,483,1,25,0,0,21,313,1,91,21,404,Not in California
Unknown,2021-01-20,79,587,79,562,0,25,0,0,27,288,52,143,27,431,Not in California
Unknown,2021-01-21,60,647,58,620,2,27,0,0,62,350,0,143,62,493,Not in California
Unknown,2021-01-22,40,687,35,655,5,32,0,0,40,390,0,143,40,533,Not in California
Unknown,2021-01-23,13,700,7,662,6,38,0,0,13,403,0,143,13,546,Not in California
Unknown,2021-01-24,2,702,2,664,0,38,0,0,3,406,0,143,3,549,Not in California
Unknown,2021-01-25,21,723,18,682,3,41,0,0,18,421,3,146,18,567,Not in California
Unknown,2021-01-26,99,822,95,777,4,45,0,0,102,523,0,146,102,669,Not in California
Unknown,2021-01-27,17,839,17,794,0,45,0,0,16,538,1,147,16,685,Not in California
Unknown,2021-01-28,155,994,152,946,3,48,0,0,98,576,60,207,98,783,Not in California
Unknown,2021-01-29,148,1142,147,1093,1,49,0,0,152,727,1,208,152,935,Not in California
Unknown,2021-01-30,10,1152,8,1101,2,51,0,0,13,739,1,209,13,948,Not in California
Unknown,2021-01-31,16,1168,16,1117,0,51,0,0,16,754,1,210,16,964,Not in California
Unknown,2021-02-01,36,1204,34,1151,2,53,0,0,21,758,17,227,21,985,Not in California
Unknown,2021-02-02,69,1273,67,1218,2,55,0,0,64,817,5,232,64,1049,Not in California
Unknown,2021-02-03,49,1322,46,1264,3,58,0,0,37,843,11,243,37,1086,Not in California
Unknown,2021-02-04,61,1383,56,1320,5,63,0,0,56,894,5,248,56,1142,Not in California
Unknown,2021-02-05,20,1403,13,1333,7,70,0,0,16,903,7,255,16,1158,Not in California
Unknown,2021-02-06,19,1422,14,1347,5,75,0,0,15,911,7,262,15,1173,Not in California
Unknown,2021-02-07,8,1430,8,1355,0,75,0,0,6,915,2,264,6,1179,Not in California
Unknown,2021-02-08,53,1483,50,1405,3,78,0,0,13,888,40,304,13,1192,Not in California
Unknown,2021-02-09,20,1503,19,1424,1,79,0,0,5,878,15,319,5,1197,Not in California
Unknown,2021-02-10,35,1538,30,1454,5,84,0,0,9,861,26,345,9,1206,Not in California
Unknown,2021-02-11,93,1631,92,1546,1,85,0,0,43,853,51,396,43,1249,Not in California
Unknown,2021-02-12,47,1678,38,1584,9,94,0,0,18,838,33,429,18,1267,Not in California
Unknown,2021-02-13,15,1693,3,1587,12,106,0,0,17,854,1,430,17,1284,Not in California
Unknown,2021-02-14,7,1700,1,1588,6,112,0,0,5,858,1,431,5,1289,Not in California
Unknown,2021-02-15,43,1743,37,1625,6,118,0,0,28,874,12,443,28,1317,Not in California
Unknown,2021-02-16,105,1848,96,1721,9,127,0,0,32,832,74,517,32,1349,Not in California
Unknown,2021-02-17,10,1858,8,1729,2,129,0,0,4,831,5,522,4,1353,Not in California
Unknown,2021-02-18,105,1963,100,1829,5,134,0,0,19,764,86,608,19,1372,Not in California
Unknown,2021-02-19,197,2160,191,2020,6,140,0,0,58,684,138,746,58,1430,Not in California
Unknown,2021-02-20,12,2172,5,2025,7,147,0,0,5,684,5,751,5,1435,Not in California
Unknown,2021-02-21,18,2190,18,2043,0,147,0,0,4,674,14,765,4,1439,Not in California
Unknown,2021-02-22,9,2199,9,2052,0,147,0,0,6,677,3,768,6,1445,Not in California
Unknown,2021-02-23,62,2261,50,2102,12,159,0,0,15,645,47,815,15,1460,Not in California
Unknown,2021-02-24,43,2304,35,2137,8,167,0,0,14,630,29,844,14,1474,Not in California
Unknown,2021-02-25,76,2380,60,2197,16,183,0,0,27,608,49,893,27,1501,Not in California
Unknown,2021-02-26,39,2419,24,2221,15,198,0,0,24,618,14,907,24,1525,Not in California
Unknown,2021-02-27,27,2446,14,2235,13,211,0,0,19,629,8,915,19,1544,Not in California
Unknown,2021-02-28,17,2463,13,2248,4,215,0,0,10,634,5,920,10,1554,Not in California
Unknown,2021-03-01,42,2505,25,2273,17,232,0,0,23,638,19,939,23,1577,Not in California
Unknown,2021-03-02,19,2524,7,2280,12,244,0,0,11,643,6,945,11,1588,Not in California
Unknown,2021-03-03,13,2537,7,2287,6,250,0,0,10,650,3,948,10,1598,Not in California
Unknown,2021-03-04,53,2590,49,2336,4,254,0,0,21,640,31,979,21,1619,Not in California
Unknown,2021-03-05,31,2621,13,2349,18,272,0,0,34,668,6,985,34,1653,Not in California
Unknown,2021-03-06,31,2652,10,2359,19,291,2,2,22,683,9,994,24,1677,Not in California
Unknown,2021-03-07,9,2661,1,2360,8,299,0,2,5,685,3,997,5,1682,Not in California
Unknown,2021-03-08,33,2694,23,2383,8,307,2,4,8,669,26,1023,10,1692,Not in California
Unknown,2021-03-09,39,2733,32,2415,3,310,4,8,10,653,30,1053,14,1706,Not in California
Unknown,2021-03-10,9,2742,6,2421,1,311,2,10,5,655,5,1058,7,1713,Not in California
Unknown,2021-03-11,37,2779,13,2434,10,321,14,24,15,663,21,1079,29,1742,Not in California
Unknown,2021-03-12,82,2861,56,2490,21,342,5,29,16,621,63,1142,21,1763,Not in California
Unknown,2021-03-13,24,2885,4,2494,16,358,4,33,8,617,16,1158,12,1775,Not in California
Unknown,2021-03-14,17,2902,9,2503,6,364,2,35,7,615,11,1169,9,1784,Not in California
Unknown,2021-03-15,30,2932,11,2514,17,381,2,37,20,624,13,1182,22,1806,Not in California
Unknown,2021-03-16,62,2994,21,2535,38,419,3,40,44,653,18,1200,47,1853,Not in California
Unknown,2021-03-17,47,3041,15,2550,31,450,1,41,41,691,4,1204,42,1895,Not in California
Unknown,2021-03-18,41,3082,20,2570,21,471,0,41,29,708,12,1216,29,1924,Not in California
Unknown,2021-03-19,28,3110,19,2589,9,480,0,41,26,726,8,1224,26,1950,Not in California
Unknown,2021-03-20,33,3143,14,2603,19,499,0,41,18,732,12,1236,18,1968,Not in California
Unknown,2021-03-21,23,3166,17,2620,6,505,0,41,19,748,3,1239,19,1987,Not in California
Unknown,2021-03-22,34,3200,18,2638,15,520,1,42,18,755,12,1251,19,2006,Not in California
Unknown,2021-03-23,23,3223,9,2647,9,529,5,47,16,765,11,1262,21,2027,Not in California
Unknown,2021-03-24,26,3249,9,2656,17,546,0,47,32,792,5,1267,32,2059,Not in California
Unknown,2021-03-25,48,3297,33,2689,15,561,0,47,39,817,14,1281,39,2098,Not in California
Unknown,2021-03-26,39,3336,19,2708,15,576,5,52,27,833,16,1297,32,2130,Not in California
Unknown,2021-03-27,39,3375,13,2721,26,602,0,52,25,838,20,1317,25,2155,Not in California
Unknown,2021-03-28,17,3392,9,2730,8,610,0,52,10,844,4,1321,10,2165,Not in California
Unknown,2021-03-29,35,3427,14,2744,20,630,1,53,23,856,12,1333,24,2189,Not in California
Unknown,2021-03-30,35,3462,20,2764,15,645,0,53,24,867,13,1346,24,2213,Not in California
Unknown,2021-03-31,38,3500,24,2788,14,659,0,53,28,884,11,1357,28,2241,Not in California
Unknown,2021-04-01,29,3529,14,2802,15,674,0,53,24,903,5,1362,24,2265,Not in California
Unknown,2021-04-02,63,3592,16,2818,38,712,9,62,34,913,33,1395,43,2308,Not in California
Unknown,2021-04-03,18,3610,9,2827,9,721,0,62,11,914,10,1405,11,2319,Not in California
Unknown,2021-04-04,16,3626,5,2832,11,732,0,62,10,919,5,1410,10,2329,Not in California
Unknown,2021-04-05,34,3660,20,2852,13,745,1,63,21,926,15,1425,22,2351,Not in California
Unknown,2021-04-06,34,3694,17,2869,16,761,1,64,16,925,18,1443,17,2368,Not in California
Unknown,2021-04-07,43,3737,29,2898,13,774,1,65,32,948,10,1453,33,2401,Not in California
Unknown,2021-04-08,38,3775,25,2923,9,783,4,69,17,948,21,1474,21,2422,Not in California
Unknown,2021-04-09,42,3817,25,2948,17,800,0,69,27,960,15,1489,27,2449,Not in California
Unknown,2021-04-10,10,3827,9,2957,1,801,0,69,3,956,7,1496,3,2452,Not in California
Unknown,2021-04-11,14,3841,10,2967,4,805,0,69,5,952,9,1505,5,2457,Not in California
Unknown,2021-04-12,40,3881,23,2990,16,821,1,70,17,947,23,1528,18,2475,Not in California
Unknown,2021-04-13,69,3950,26,3016,43,864,0,70,28,934,41,1569,28,2503,Not in California
Unknown,2021-04-14,39,3989,12,3028,27,891,0,70,13,921,26,1595,13,2516,Not in California
Unknown,2021-04-15,53,4042,24,3052,28,919,1,71,24,918,28,1623,25,2541,Not in California
Unknown,2021-04-16,59,4101,42,3094,17,936,0,71,38,935,21,1644,38,2579,Not in California
Unknown,2021-04-17,26,4127,15,3109,11,947,0,71,9,929,16,1660,10,2589,Not in California
Unknown,2021-04-18,20,4147,8,3117,12,959,0,71,8,925,12,1672,8,2597,Not in California
Unknown,2021-04-19,39,4186,25,3142,14,973,0,71,20,927,18,1690,20,2617,Not in California
Unknown,2021-04-20,20,4206,13,3155,7,980,0,71,6,919,14,1704,6,2623,Not in California
Unknown,2021-04-21,95,4301,75,3230,20,1000,0,71,73,970,22,1726,73,2696,Not in California
Unknown,2021-04-22,367,4668,170,3400,197,1197,0,71,333,1271,32,1758,333,3029,Not in California
Unknown,2021-04-23,347,5015,154,3554,193,1390,0,71,317,1559,29,1787,317,3346,Not in California
Unknown,2021-04-24,361,5376,209,3763,152,1542,0,71,342,1882,19,1806,342,3688,Not in California
Unknown,2021-04-25,316,5692,196,3959,120,1662,0,71,298,2163,17,1823,298,3986,Not in California
Unknown,2021-04-26,292,5984,192,4151,100,1762,0,71,275,2421,17,1840,275,4261,Not in California
Unknown,2021-04-27,2,5986,0,4151,2,1764,0,71,1,2421,1,1841,1,4262,Not in California
Alameda,2020-12-15,36,36,36,36,0,0,0,0,36,36,0,0,36,36,California
Alameda,2020-12-16,203,239,203,239,0,0,0,0,203,239,0,0,203,239,California
Alameda,2020-12-17,396,635,396,635,0,0,0,0,396,635,0,0,396,635,California
Alameda,2020-12-18,1767,2402,1766,2401,1,1,0,0,1767,2402,0,0,1767,2402,California
Alameda,2020-12-19,1357,3759,1357,3758,0,1,0,0,1357,3759,0,0,1357,3759,California
Alameda,2020-12-20,1157,4916,1156,4914,1,2,0,0,1156,4914,1,1,1156,4915,California
Alameda,2020-12-21,1859,6775,1858,6772,1,3,0,0,1858,6772,0,1,1858,6773,California
Alameda,2020-12-22,2099,8874,2047,8819,52,55,0,0,2099,8871,0,1,2099,8872,California
Alameda,2020-12-23,1930,10804,1674,10493,256,311,0,0,1930,10801,0,1,1930,10802,California
Alameda,2020-12-24,1218,12022,758,11251,460,771,0,0,1218,12019,0,1,1218,12020,California
Alameda,2020-12-25,165,12187,128,11379,37,808,0,0,165,12184,0,1,165,12185,California
Alameda,2020-12-26,867,13054,323,11702,544,1352,0,0,867,13051,0,1,867,13052,California
Alameda,2020-12-27,500,13554,256,11958,244,1596,0,0,500,13551,0,1,500,13552,California
Alameda,2020-12-28,1883,15437,957,12915,926,2522,0,0,1883,15434,0,1,1883,15435,California
Alameda,2020-12-29,2427,17864,1022,13937,1405,3927,0,0,2426,17860,0,1,2426,17861,California
Alameda,2020-12-30,3124,20988,1361,15298,1763,5690,0,0,3126,20986,0,1,3126,20987,California
Alameda,2020-12-31,1790,22778,441,15739,1349,7039,0,0,1788,22773,1,2,1788,22775,California
Alameda,2021-01-01,171,22949,70,15809,101,7140,0,0,170,22942,1,3,170,22945,California
Alameda,2021-01-02,720,23669,521,16330,199,7339,0,0,719,23661,0,3,719,23664,California
Alameda,2021-01-03,341,24010,220,16550,121,7460,0,0,338,23996,3,6,338,24002,California
Alameda,2021-01-04,1648,25658,945,17495,703,8163,0,0,1636,25621,11,17,1636,25638,California
Alameda,2021-01-05,2199,27857,1265,18760,934,9097,0,0,1963,27351,233,250,1963,27601,California
Alameda,2021-01-06,3244,31101,1778,20538,1466,10563,0,0,2429,28970,812,1062,2431,30032,California
Alameda,2021-01-07,3774,34875,2112,22650,1662,12225,0,0,2687,30583,1078,2140,2691,32723,California
Alameda,2021-01-08,4725,39600,2696,25346,2029,14254,0,0,3102,32070,1619,3759,3106,35829,California
Alameda,2021-01-09,2032,41632,1388,26734,644,14898,0,0,1171,32380,861,4620,1171,37000,California
Alameda,2021-01-10,1061,42693,843,27577,218,15116,0,0,424,32166,638,5258,424,37424,California
Alameda,2021-01-11,4632,47325,3502,31079,1130,16246,0,0,2844,33228,1788,7046,2850,40274,California
Alameda,2021-01-12,4824,52149,3246,34325,1578,17824,0,0,3432,35272,1391,8437,3435,43709,California
Alameda,2021-01-13,5026,57175,2654,36979,2372,20196,0,0,3845,37941,1177,9614,3846,47555,California
Alameda,2021-01-14,5604,62779,2740,39719,2864,23060,0,0,4718,41785,877,10491,4721,52276,California
Alameda,2021-01-15,5827,68606,2309,42028,3518,26578,0,0,5060,46088,760,11251,5063,57339,California
Alameda,2021-01-16,3005,71611,1409,43437,1596,28174,0,0,2737,48558,268,11519,2738,60077,California
Alameda,2021-01-17,1867,73478,1084,44521,783,28957,0,0,1660,50013,206,11725,1661,61738,California
Alameda,2021-01-18,3192,76670,2049,46570,1143,30100,0,0,2598,52026,590,12315,2603,64341,California
Alameda,2021-01-19,5521,82191,3329,49899,2192,32292,0,0,4334,55177,1185,13500,4336,68677,California
Alameda,2021-01-20,6694,88885,4029,53928,2665,34957,0,0,5399,59297,1283,14783,5403,74080,California
Alameda,2021-01-21,7743,96628,3384,57312,4359,39316,0,0,6915,65393,822,15605,6918,80998,California
Alameda,2021-01-22,6838,103466,2032,59344,4806,44122,0,0,5700,69964,1131,16736,5702,86700,California
Alameda,2021-01-23,3283,106749,944,60288,2339,46461,0,0,2730,72143,553,17289,2732,89432,California
Alameda,2021-01-24,2049,108798,654,60942,1395,47856,0,0,1773,73644,272,17561,1773,91205,California
Alameda,2021-01-25,5216,114014,1985,62927,3231,51087,0,0,3631,75698,1577,19138,3631,94836,California
Alameda,2021-01-26,7242,121256,2286,65213,4956,56043,0,0,5383,79230,1852,20990,5384,100220,California
Alameda,2021-01-27,6667,127923,2076,67289,4591,60634,0,0,4824,82222,1832,22822,4824,105044,California
Alameda,2021-01-28,7882,135805,2542,69831,5340,65974,0,0,5643,85645,2223,25045,5646,110690,California
Alameda,2021-01-29,7916,143721,3180,73011,4736,70710,0,0,6091,89922,1815,26860,6092,116782,California
Alameda,2021-01-30,3411,147132,1666,74677,1745,72455,0,0,2710,91936,696,27556,2710,119492,California
Alameda,2021-01-31,1903,149035,963,75640,940,73395,0,0,1659,93354,241,27797,1659,121151,California
Alameda,2021-02-01,5959,154994,3356,78996,2603,75998,0,0,4323,96048,1630,29427,4324,125475,California
Alameda,2021-02-02,7450,162444,4243,83239,3207,79205,0,0,4663,97934,2777,32204,4663,130138,California
Alameda,2021-02-03,7077,169521,3728,86967,3349,82554,0,0,4406,99680,2665,34869,4411,134549,California
Alameda,2021-02-04,9504,179025,4130,91097,5374,87928,0,0,6450,103098,3037,37906,6455,141004,California
Alameda,2021-02-05,10324,189349,5390,96487,4934,92862,0,0,6458,105702,3860,41766,6464,147468,California
Alameda,2021-02-06,6999,196348,4439,100926,2560,95422,0,0,5879,110461,1120,42886,5879,153347,California
Alameda,2021-02-07,3581,199929,2892,103818,689,96111,0,0,2641,112166,937,43823,2642,155989,California
Alameda,2021-02-08,8083,208012,5779,109597,2304,98415,0,0,5540,115175,2533,46356,5542,161531,California
Alameda,2021-02-09,9706,217718,5856,115453,3850,102265,0,0,6057,117591,3643,49999,6059,167590,California
Alameda,2021-02-10,11454,229172,6774,122227,4680,106945,0,0,6635,119432,4802,54801,6643,174233,California
Alameda,2021-02-11,13921,243093,7981,130208,5940,112885,0,0,8379,122289,5525,60326,8382,182615,California
Alameda,2021-02-12,12523,255616,5693,135901,6830,119715,0,0,7754,125291,4755,65081,7757,190372,California
Alameda,2021-02-13,7806,263422,4065,139966,3741,123456,0,0,5846,129183,1956,67037,5848,196220,California
Alameda,2021-02-14,4025,267447,2535,142501,1490,124946,0,0,2868,130899,1154,68191,2870,199090,California
Alameda,2021-02-15,5706,273153,3220,145721,2486,127432,0,0,3698,132594,2006,70197,3701,202791,California
Alameda,2021-02-16,12531,285684,6952,152673,5579,133011,0,0,9320,138719,3200,73397,9325,212116,California
Alameda,2021-02-17,14099,299783,8351,161024,5748,138759,0,0,10482,145604,3599,76996,10484,222600,California
Alameda,2021-02-18,15853,315636,10060,171084,5793,144552,0,0,11513,152787,4336,81332,11519,234119,California
Alameda,2021-02-19,17633,333269,11429,182513,6204,150756,0,0,11687,158554,5924,87256,11691,245810,California
Alameda,2021-02-20,11856,345125,9609,192122,2247,153003,0,0,9144,164994,2709,89965,9149,254959,California
Alameda,2021-02-21,6192,351317,5261,197383,931,153934,0,0,3739,166290,2443,92408,3739,258698,California
Alameda,2021-02-22,10700,362017,7922,205305,2778,156712,0,0,6745,169104,3941,96349,6755,265453,California
Alameda,2021-02-23,12708,374725,7715,213020,4993,161705,0,0,7911,172235,4787,101136,7918,273371,California
Alameda,2021-02-24,14650,389375,8205,221225,6445,168150,0,0,9502,176654,5088,106224,9507,282878,California
Alameda,2021-02-25,15609,404984,9122,230347,6487,174637,0,0,9945,180973,5632,111856,9951,292829,California
Alameda,2021-02-26,18087,423071,10634,240981,7453,182090,0,0,11702,186334,6345,118201,11706,304535,California
Alameda,2021-02-27,14697,437768,10806,251787,3889,185979,2,2,9099,189862,5575,123776,9103,313638,California
Alameda,2021-02-28,9140,446908,7706,259493,1434,187413,0,2,6072,192887,3048,126824,6073,319711,California
Alameda,2021-03-01,13215,460123,9179,268672,4033,191446,3,5,8199,196122,4973,131797,8208,327919,California
Alameda,2021-03-02,13803,473926,9588,278260,4215,195661,0,5,8874,200093,4910,136707,8881,336800,California
Alameda,2021-03-03,15359,489285,9966,288226,5392,201053,1,6,10460,205683,4873,141580,10463,347263,California
Alameda,2021-03-04,17270,506555,11034,299260,6235,207288,1,7,10865,210178,6371,147951,10866,358129,California
Alameda,2021-03-05,15853,522408,10238,309498,5606,212894,9,16,10634,215648,5179,153130,10649,368778,California
Alameda,2021-03-06,14223,536631,9952,319450,4012,216906,259,275,9341,220411,4839,157969,9602,378380,California
Alameda,2021-03-07,9288,545919,8074,327524,1133,218039,81,356,6569,224369,2694,160663,6652,385032,California
Alameda,2021-03-08,11626,557545,7159,334683,4090,222129,377,733,8655,230479,2921,163584,9031,394063,California
Alameda,2021-03-09,11352,568897,7006,341689,3917,226046,429,1162,6279,232147,5042,168626,6710,400773,California
Alameda,2021-03-10,16657,585554,11312,353001,4788,230834,557,1719,7545,231157,9088,177714,8098,408871,California
Alameda,2021-03-11,19747,605301,11548,364549,6493,237327,1706,3425,6759,226661,12959,190673,8463,417334,California
Alameda,2021-03-12,21124,626425,12299,376848,7175,244502,1650,5075,7459,222120,13644,204317,9103,426437,California
Alameda,2021-03-13,15834,642259,10103,386951,4752,249254,979,6054,5114,217521,10687,215004,6088,432525,California
Alameda,2021-03-14,10688,652947,7807,394758,2096,251350,785,6839,4659,216946,6013,221017,5438,437963,California
Alameda,2021-03-15,14296,667243,9318,404076,4461,255811,517,7356,6359,215910,7909,228926,6873,444836,California
Alameda,2021-03-16,17137,684380,11089,415165,5515,261326,533,7889,7546,214450,9540,238466,8080,452916,California
Alameda,2021-03-17,17343,701723,9762,424927,6889,268215,692,8581,8158,214148,9151,247617,8849,461765,California
Alameda,2021-03-18,19032,720755,10313,435240,7842,276057,877,9458,8759,213542,10245,257862,9639,471404,California
Alameda,2021-03-19,19079,739834,10321,445561,6971,283028,1787,11245,7642,211575,11389,269251,9422,480826,California
Alameda,2021-03-20,15603,755437,10181,455742,4604,287632,818,12063,6534,209883,9041,278292,7349,488175,California
Alameda,2021-03-21,9047,764484,7093,462835,1423,289055,531,12594,3769,208915,5269,283561,4301,492476,California
Alameda,2021-03-22,14870,779354,9992,472827,3898,292953,980,13574,7184,209405,7669,291230,8159,500635,California
Alameda,2021-03-23,19057,798411,11487,484314,6777,299730,793,14367,10701,212588,8315,299545,11498,512133,California
Alameda,2021-03-24,18940,817351,11387,495701,6562,306292,991,15358,8585,211858,10297,309842,9567,521700,California
Alameda,2021-03-25,20326,837677,11207,506908,7740,314032,1379,16737,9560,212086,10702,320544,10930,532630,California
Alameda,2021-03-26,20632,858309,12360,519268,6743,320775,1529,18266,8841,210702,11746,332290,10362,542992,California
Alameda,2021-03-27,18133,876442,12307,531575,4871,325646,955,19221,7819,209191,10268,342558,8757,551749,California
Alameda,2021-03-28,10421,886863,8437,540012,1781,327427,203,19424,3833,206655,6578,349136,4042,555791,California
Alameda,2021-03-29,14557,901420,9269,549281,4294,331721,994,20418,6258,205641,8265,357401,7251,563042,California
Alameda,2021-03-30,18398,919818,9658,558939,7050,338771,1690,22108,10797,210551,7573,364974,12483,575525,California
Alameda,2021-03-31,19183,939001,10096,569035,7029,345800,2058,24166,9538,212500,9621,374595,11570,587095,California
Alameda,2021-04-01,22955,961956,9936,578971,7544,353344,5475,29641,10956,216952,11974,386569,16426,603521,California
Alameda,2021-04-02,23691,985647,9806,588777,8211,361555,5674,35315,11480,221910,12182,398751,17140,620661,California
Alameda,2021-04-03,20049,1005696,9711,598488,5651,367206,4687,40002,10256,227079,9773,408524,14942,635603,California
Alameda,2021-04-04,9901,1015597,3950,602438,2277,369483,3674,43676,3506,227868,6386,414910,7175,642778,California
Alameda,2021-04-05,17663,1033260,7405,609843,5499,374982,4759,48435,7176,229332,10470,425380,11934,654712,California
Alameda,2021-04-06,22015,1055275,10562,620405,5641,380623,5812,54247,9981,233117,12003,437383,15788,670500,California
Alameda,2021-04-07,22336,1077611,11437,631842,5474,386097,5425,59672,11313,238868,10982,448365,16733,687233,California
Alameda,2021-04-08,25245,1102856,11429,643271,5903,392000,7913,67585,10765,243129,14413,462778,18674,705907,California
Alameda,2021-04-09,23076,1125932,10463,653734,7439,399439,5174,72759,11887,249030,11166,473944,17067,722974,California
Alameda,2021-04-10,18758,1144690,7371,661105,5577,405016,5810,78569,8134,252360,10605,484549,13935,736909,California
Alameda,2021-04-11,10959,1155649,4764,665869,2262,407278,3933,82502,4477,254296,6467,491016,8403,745312,California
Alameda,2021-04-12,17764,1173413,11662,677531,4283,411561,1819,84321,10078,258533,7657,498673,11894,757206,California
Alameda,2021-04-13,22997,1196410,14625,692156,8319,419880,53,84374,16977,269598,5974,504647,17039,774245,California
Alameda,2021-04-14,22978,1219388,15174,707330,7802,427682,2,84376,15611,277880,7336,511983,15618,789863,California
Alameda,2021-04-15,23644,1243032,15181,722511,8461,436143,2,84378,15693,285678,7905,519888,15703,805566,California
Alameda,2021-04-16,24201,1267233,14320,736831,9877,446020,4,84382,15644,292831,8505,528393,15658,821224,California
Alameda,2021-04-17,20609,1287842,14192,751023,6417,452437,0,84382,14211,300687,6369,534762,14225,835449,California
Alameda,2021-04-18,9856,1297698,7520,758543,2336,454773,0,84382,6836,304534,2993,537755,6840,842289,California
Alameda,2021-04-19,15387,1313085,9585,768128,5802,460575,0,84382,8902,306987,6459,544214,8912,851201,California
Alameda,2021-04-20,18026,1331111,10965,779093,7059,467634,2,84384,9882,308786,8105,552319,9904,861105,California
Alameda,2021-04-21,19095,1350206,11185,790278,7904,475538,6,84390,11171,312113,7869,560188,11196,872301,California
Alameda,2021-04-22,20839,1371045,13401,803679,7435,482973,3,84393,11106,313550,9693,569881,11130,883431,California
Alameda,2021-04-23,20199,1391244,13093,816772,7105,490078,1,84394,11285,315980,8871,578752,11301,894732,California
Alameda,2021-04-24,15381,1406625,11756,828528,3618,493696,7,84401,8015,316684,7328,586080,8032,902764,California
Alameda,2021-04-25,6601,1413226,5096,833624,1504,495200,1,84402,4143,318380,2450,588530,4146,906910,California
Alameda,2021-04-26,11236,1424462,7631,841255,3595,498795,10,84412,7102,321389,4112,592642,7121,914031,California
Alameda,2021-04-27,9461,1433923,5674,846929,3661,502456,126,84538,4509,321108,4933,597575,4652,918683,California
Alpine,2020-12-18,2,2,2,2,0,0,0,0,2,2,0,0,2,2,California
Alpine,2020-12-19,2,4,2,4,0,0,0,0,2,4,0,0,2,4,California
Alpine,2020-12-21,2,6,2,6,0,0,0,0,2,6,0,0,2,6,California
Alpine,2020-12-30,14,20,0,6,14,14,0,0,14,20,0,0,14,20,California
Alpine,2020-12-31,1,21,0,6,1,15,0,0,1,21,0,0,1,21,California
Alpine,2021-01-01,1,22,0,6,1,16,0,0,1,22,0,0,1,22,California
Alpine,2021-01-02,1,23,1,7,0,16,0,0,1,23,0,0,1,23,California
Alpine,2021-01-04,10,33,0,7,10,26,0,0,10,33,0,0,10,33,California
Alpine,2021-01-05,9,42,1,8,8,34,0,0,9,42,0,0,9,42,California
Alpine,2021-01-06,31,73,0,8,31,65,0,0,31,73,0,0,31,73,California
Alpine,2021-01-07,8,81,0,8,8,73,0,0,8,81,0,0,8,81,California
Alpine,2021-01-08,4,85,2,10,2,75,0,0,2,81,2,2,2,83,California
Alpine,2021-01-09,2,87,2,12,0,75,0,0,0,79,2,4,0,83,California
Alpine,2021-01-11,32,119,1,13,31,106,0,0,31,109,1,5,31,114,California
Alpine,2021-01-13,35,154,0,13,35,141,0,0,35,144,0,5,35,149,California
Alpine,2021-01-14,1,155,0,13,1,142,0,0,1,145,0,5,1,150,California
Alpine,2021-01-15,1,156,0,13,1,143,0,0,1,146,0,5,1,151,California
Alpine,2021-01-20,21,177,0,13,21,164,0,0,21,167,0,5,21,172,California
Alpine,2021-01-21,1,178,0,13,1,165,0,0,1,168,0,5,1,173,California
Alpine,2021-01-22,32,210,0,13,32,197,0,0,32,200,0,5,32,205,California
Alpine,2021-01-23,1,211,1,14,0,197,0,0,0,199,1,6,0,205,California
Alpine,2021-01-25,16,227,0,14,16,213,0,0,16,215,0,6,16,221,California
Alpine,2021-01-27,1,228,1,15,0,213,0,0,0,214,1,7,0,221,California
Alpine,2021-01-28,1,229,0,15,1,214,0,0,0,213,1,8,0,221,California
Alpine,2021-01-29,1,230,0,15,1,215,0,0,1,214,0,8,1,222,California
Alpine,2021-02-01,25,255,0,15,25,240,0,0,7,203,18,26,7,229,California
Alpine,2021-02-03,34,289,0,15,34,274,0,0,10,189,24,50,10,239,California
Alpine,2021-02-04,8,297,0,15,8,282,0,0,3,187,5,55,3,242,California
Alpine,2021-02-05,31,328,0,15,31,313,0,0,12,180,19,74,12,254,California
Alpine,2021-02-06,1,329,1,16,0,313,0,0,1,181,0,74,1,255,California
Alpine,2021-02-07,1,330,1,17,0,313,0,0,1,182,0,74,1,256,California
Alpine,2021-02-08,32,362,0,17,32,345,0,0,4,158,28,102,4,260,California
Alpine,2021-02-10,34,396,0,17,34,379,0,0,0,124,34,136,0,260,California
Alpine,2021-02-11,6,402,0,17,6,385,0,0,3,124,3,139,3,263,California
Alpine,2021-02-12,1,403,0,17,1,386,0,0,0,123,1,140,0,263,California
Alpine,2021-02-17,23,426,0,17,23,409,0,0,3,106,20,160,3,266,California
Alpine,2021-02-18,2,428,0,17,2,411,0,0,1,106,1,161,1,267,California
Alpine,2021-02-19,34,462,1,18,33,444,0,0,2,76,32,193,2,269,California
Alpine,2021-02-22,27,489,0,18,27,471,0,0,8,65,19,212,8,277,California
Alpine,2021-02-24,1,490,1,19,0,471,0,0,1,66,0,212,1,278,California
Alpine,2021-02-25,6,496,1,20,5,476,0,0,6,72,0,212,6,284,California
Alpine,2021-02-26,29,525,1,21,28,504,0,0,28,99,1,213,28,312,California
Alpine,2021-02-27,1,526,0,21,1,505,0,0,1,100,0,213,1,313,California
Alpine,2021-03-01,35,561,0,21,35,540,0,0,25,115,10,223,25,338,California
Alpine,2021-03-02,1,562,1,22,0,540,0,0,0,114,1,224,0,338,California
Alpine,2021-03-03,30,592,1,23,29,569,0,0,18,120,12,236,18,356,California
Alpine,2021-03-04,11,603,1,24,10,579,0,0,11,131,0,236,11,367,California
Alpine,2021-03-05,30,633,0,24,30,609,0,0,22,145,8,244,22,389,California
Alpine,2021-03-08,31,664,0,24,31,640,0,0,29,172,2,246,29,418,California
Alpine,2021-03-10,72,736,0,24,72,712,0,0,72,244,0,246,72,490,California
Alpine,2021-03-11,36,772,0,24,36,748,0,0,32,272,4,250,32,522,California
Alpine,2021-03-12,19,791,0,24,19,767,0,0,17,287,2,252,17,539,California
Alpine,2021-03-15,21,812,1,25,20,787,0,0,20,306,1,253,20,559,California
Alpine,2021-03-17,23,835,0,25,22,809,1,1,19,322,4,257,20,579,California
Alpine,2021-03-18,38,873,3,28,35,844,0,1,35,354,3,260,35,614,California
Alpine,2021-03-19,2,875,1,29,1,845,0,1,1,354,1,261,1,615,California
Alpine,2021-03-22,24,899,0,29,24,869,0,1,15,360,9,270,15,630,California
Alpine,2021-03-24,19,918,0,29,19,888,0,1,9,359,10,280,9,639,California
Alpine,2021-03-25,35,953,1,30,33,921,1,2,28,381,7,287,29,668,California
Alpine,2021-03-27,1,954,0,30,1,922,0,2,0,380,1,288,0,668,California
Alpine,2021-03-28,1,955,1,31,0,922,0,2,1,381,0,288,1,669,California
Alpine,2021-03-29,20,975,0,31,19,941,1,3,3,368,17,305,4,673,California
Alpine,2021-04-01,16,991,0,31,16,957,0,3,7,366,9,314,7,680,California
Alpine,2021-04-02,100,1091,1,32,99,1056,0,3,46,359,53,367,46,726,California
Alpine,2021-04-05,4,1095,1,33,3,1059,0,3,0,355,4,371,0,726,California
Alpine,2021-04-06,3,1098,2,35,1,1060,0,3,2,356,1,372,2,728,California
Alpine,2021-04-07,115,1213,0,35,114,1174,1,4,29,301,85,457,30,758,California
Alpine,2021-04-08,38,1251,0,35,36,1210,2,6,10,285,28,485,12,770,California
Alpine,2021-04-09,1,1252,0,35,1,1211,0,6,1,286,0,485,1,771,California
Alpine,2021-04-14,47,1299,0,35,47,1258,0,6,10,259,37,522,10,781,California
Alpine,2021-04-15,35,1334,0,35,35,1293,0,6,3,230,32,554,3,784,California
Alpine,2021-04-16,1,1335,0,35,1,1294,0,6,1,231,0,554,1,785,California
Alpine,2021-04-19,1,1336,0,35,1,1295,0,6,1,232,0,554,1,786,California
Alpine,2021-04-21,31,1367,0,35,31,1326,0,6,15,231,16,570,15,801,California
Alpine,2021-04-22,24,1391,0,35,24,1350,0,6,1,209,23,593,1,802,California
Alpine,2021-04-24,1,1392,1,36,0,1350,0,6,0,208,1,594,0,802,California
Alpine,2021-04-25,1,1393,1,37,0,1350,0,6,0,207,1,595,0,802,California
Alpine,2021-04-26,1,1394,0,37,1,1351,0,6,0,206,1,596,0,802,California
Alpine,2021-04-27,1,1395,0,37,1,1352,0,6,1,207,0,596,1,803,California
Amador,2020-12-16,2,2,2,2,0,0,0,0,2,2,0,0,2,2,California
Amador,2020-12-17,5,7,5,7,0,0,0,0,5,7,0,0,5,7,California
Amador,2020-12-18,45,52,45,52,0,0,0,0,45,52,0,0,45,52,California
Amador,2020-12-19,17,69,17,69,0,0,0,0,17,69,0,0,17,69,California
Amador,2020-12-20,4,73,4,73,0,0,0,0,4,73,0,0,4,73,California
Amador,2020-12-21,31,104,31,104,0,0,0,0,31,104,0,0,31,104,California
Amador,2020-12-22,35,139,34,138,1,1,0,0,35,139,0,0,35,139,California
Amador,2020-12-23,39,178,38,176,1,2,0,0,39,178,0,0,39,178,California
Amador,2020-12-24,5,183,3,179,2,4,0,0,5,183,0,0,5,183,California
Amador,2020-12-26,5,188,4,183,1,5,0,0,5,188,0,0,5,188,California
Amador,2020-12-27,1,189,0,183,1,6,0,0,1,189,0,0,1,189,California
Amador,2020-12-28,31,220,27,210,4,10,0,0,31,220,0,0,31,220,California
Amador,2020-12-29,26,246,19,229,7,17,0,0,26,246,0,0,26,246,California
Amador,2020-12-30,124,370,78,307,46,63,0,0,124,370,0,0,124,370,California
Amador,2020-12-31,192,562,167,474,25,88,0,0,192,562,0,0,192,562,California
Amador,2021-01-01,1,563,0,474,1,89,0,0,1,563,0,0,1,563,California
Amador,2021-01-02,55,618,55,529,0,89,0,0,55,618,0,0,55,618,California
Amador,2021-01-03,65,683,17,546,48,137,0,0,65,683,0,0,65,683,California
Amador,2021-01-04,123,806,1,547,122,259,0,0,123,806,0,0,123,806,California
Amador,2021-01-05,33,839,3,550,30,289,0,0,31,836,2,2,32,838,California
Amador,2021-01-06,40,879,10,560,30,319,0,0,36,868,4,6,36,874,California
Amador,2021-01-07,227,1106,68,628,159,478,0,0,215,1071,12,18,215,1089,California
Amador,2021-01-08,84,1190,70,698,14,492,0,0,40,1068,44,62,41,1130,California
Amador,2021-01-09,11,1201,11,709,0,492,0,0,2,1061,9,71,2,1132,California
Amador,2021-01-10,7,1208,5,714,2,494,0,0,3,1060,4,75,3,1135,California
Amador,2021-01-11,125,1333,45,759,80,574,0,0,89,1114,36,111,90,1225,California
Amador,2021-01-12,64,1397,49,808,15,589,0,0,40,1130,24,135,40,1265,California
Amador,2021-01-13,38,1435,23,831,15,604,0,0,26,1144,12,147,26,1291,California
Amador,2021-01-14,147,1582,20,851,127,731,0,0,137,1271,10,157,137,1428,California
Amador,2021-01-15,55,1637,24,875,31,762,0,0,48,1312,7,164,48,1476,California
Amador,2021-01-16,19,1656,12,887,7,769,0,0,13,1320,6,170,14,1490,California
Amador,2021-01-17,25,1681,5,892,20,789,0,0,25,1345,0,170,25,1515,California
Amador,2021-01-18,31,1712,27,919,4,793,0,0,9,1332,22,192,9,1524,California
Amador,2021-01-19,119,1831,96,1015,23,816,0,0,75,1363,44,236,75,1599,California
Amador,2021-01-20,183,2014,34,1049,149,965,0,0,167,1515,15,251,167,1766,California
Amador,2021-01-21,252,2266,221,1270,31,996,0,0,144,1552,108,359,145,1911,California
Amador,2021-01-22,133,2399,72,1342,61,1057,0,0,126,1671,7,366,126,2037,California
Amador,2021-01-23,52,2451,32,1374,20,1077,0,0,50,1719,2,368,50,2087,California
Amador,2021-01-24,28,2479,12,1386,16,1093,0,0,25,1741,3,371,25,2112,California
Amador,2021-01-25,59,2538,28,1414,31,1124,0,0,42,1766,17,388,42,2154,California
Amador,2021-01-26,244,2782,16,1430,228,1352,0,0,234,1990,10,398,234,2388,California
Amador,2021-01-27,296,3078,30,1460,266,1618,0,0,249,2195,45,443,250,2638,California
Amador,2021-01-28,345,3423,76,1536,269,1887,0,0,284,2419,61,504,285,2923,California
Amador,2021-01-29,96,3519,31,1567,65,1952,0,0,81,2485,15,519,81,3004,California
Amador,2021-01-30,167,3686,33,1600,134,2086,0,0,162,2642,5,524,162,3166,California
Amador,2021-01-31,32,3718,28,1628,4,2090,0,0,31,2672,1,525,31,3197,California
Amador,2021-02-01,63,3781,23,1651,40,2130,0,0,36,2681,27,552,36,3233,California
Amador,2021-02-02,213,3994,66,1717,147,2277,0,0,127,2725,83,635,127,3360,California
Amador,2021-02-03,141,4135,38,1755,103,2380,0,0,90,2765,50,685,90,3450,California
Amador,2021-02-04,248,4383,72,1827,176,2556,0,0,163,2845,85,770,165,3615,California
Amador,2021-02-05,331,4714,63,1890,268,2824,0,0,315,3144,16,786,315,3930,California
Amador,2021-02-06,99,4813,80,1970,19,2843,0,0,95,3235,4,790,95,4025,California
Amador,2021-02-07,38,4851,35,2005,3,2846,0,0,35,3267,3,793,35,4060,California
Amador,2021-02-08,90,4941,62,2067,28,2874,0,0,73,3323,17,810,73,4133,California
Amador,2021-02-09,175,5116,83,2150,92,2966,0,0,110,3368,65,875,110,4243,California
Amador,2021-02-10,976,6092,79,2229,897,3863,0,0,943,4278,33,908,943,5186,California
Amador,2021-02-11,306,6398,118,2347,188,4051,0,0,200,4373,105,1013,200,5386,California
Amador,2021-02-12,324,6722,118,2465,206,4257,0,0,253,4555,71,1084,253,5639,California
Amador,2021-02-13,165,6887,81,2546,84,4341,0,0,139,4668,26,1110,139,5778,California
Amador,2021-02-14,123,7010,54,2600,69,4410,0,0,106,4757,17,1127,106,5884,California
Amador,2021-02-15,186,7196,60,2660,126,4536,0,0,169,4910,16,1143,169,6053,California
Amador,2021-02-16,462,7658,53,2713,409,4945,0,0,425,5299,37,1180,426,6479,California
Amador,2021-02-17,258,7916,80,2793,178,5123,0,0,163,5367,95,1275,163,6642,California
Amador,2021-02-18,398,8314,99,2892,299,5422,0,0,336,5642,62,1337,337,6979,California
Amador,2021-02-19,194,8508,77,2969,117,5539,0,0,112,5672,82,1419,112,7091,California
Amador,2021-02-20,91,8599,29,2998,62,5601,0,0,64,5709,27,1446,64,7155,California
Amador,2021-02-21,45,8644,34,3032,11,5612,0,0,15,5694,30,1476,15,7170,California
Amador,2021-02-22,63,8707,24,3056,39,5651,0,0,32,5696,30,1506,32,7202,California
Amador,2021-02-23,319,9026,55,3111,264,5915,0,0,139,5656,180,1686,140,7342,California
Amador,2021-02-24,393,9419,56,3167,337,6252,0,0,263,5793,126,1812,263,7605,California
Amador,2021-02-25,518,9937,114,3281,404,6656,0,0,279,5834,238,2050,279,7884,California
Amador,2021-02-26,608,10545,75,3356,533,7189,0,0,503,6233,105,2155,504,8388,California
Amador,2021-02-27,288,10833,91,3447,197,7386,0,0,100,6148,187,2342,102,8490,California
Amador,2021-02-28,101,10934,52,3499,49,7435,0,0,55,6160,46,2388,58,8548,California
Amador,2021-03-01,188,11122,66,3565,122,7557,0,0,119,6211,69,2457,120,8668,California
Amador,2021-03-02,379,11501,63,3628,316,7873,0,0,329,6491,50,2507,330,8998,California
Amador,2021-03-03,242,11743,79,3707,163,8036,0,0,167,6585,74,2581,168,9166,California
Amador,2021-03-04,494,12237,116,3823,378,8414,0,0,392,6875,102,2683,392,9558,California
Amador,2021-03-05,512,12749,77,3900,435,8849,0,0,294,6954,217,2900,296,9854,California
Amador,2021-03-06,99,12848,45,3945,53,8902,1,1,54,6964,45,2945,55,9909,California
Amador,2021-03-07,63,12911,42,3987,21,8923,0,1,20,6941,43,2988,20,9929,California
Amador,2021-03-08,152,13063,71,4058,80,9003,1,2,91,6972,61,3049,92,10021,California
Amador,2021-03-09,369,13432,49,4107,320,9323,0,2,291,7188,75,3124,291,10312,California
Amador,2021-03-10,507,13939,74,4181,431,9754,2,4,109,6902,398,3522,112,10424,California
Amador,2021-03-11,470,14409,115,4296,344,10098,11,15,299,7045,170,3692,313,10737,California
Amador,2021-03-12,567,14976,65,4361,494,10592,8,23,337,7166,229,3921,350,11087,California
Amador,2021-03-13,114,15090,18,4379,89,10681,7,30,74,7211,40,3961,85,11172,California
Amador,2021-03-14,89,15179,19,4398,67,10748,3,33,21,7167,68,4029,24,11196,California
Amador,2021-03-15,177,15356,25,4423,145,10893,7,40,53,7105,124,4153,62,11258,California
Amador,2021-03-16,448,15804,55,4478,383,11276,10,50,137,6943,309,4462,147,11405,California
Amador,2021-03-17,192,15996,42,4520,147,11423,3,53,116,6987,76,4538,120,11525,California
Amador,2021-03-18,471,16467,96,4616,371,11794,4,57,246,7016,225,4763,254,11779,California
Amador,2021-03-19,540,17007,57,4673,466,12260,17,74,391,7280,147,4910,411,12190,California
Amador,2021-03-20,110,17117,46,4719,63,12323,1,75,47,7268,62,4972,50,12240,California
Amador,2021-03-21,48,17165,36,4755,11,12334,1,76,31,7286,16,4988,34,12274,California
Amador,2021-03-22,114,17279,33,4788,52,12386,29,105,50,7301,64,5052,79,12353,California
Amador,2021-03-23,433,17712,48,4836,377,12763,8,113,276,7429,156,5208,284,12637,California
Amador,2021-03-24,341,18053,35,4871,55,12818,251,364,35,7410,305,5513,286,12923,California
Amador,2021-03-25,599,18652,82,4953,511,13329,6,370,388,7594,210,5723,394,13317,California
Amador,2021-03-26,738,19390,43,4996,689,14018,6,376,282,7432,453,6176,291,13608,California
Amador,2021-03-27,92,19482,15,5011,75,14093,2,378,28,7400,64,6240,32,13640,California
Amador,2021-03-28,68,19550,15,5026,51,14144,2,380,14,7364,53,6293,17,13657,California
Amador,2021-03-29,178,19728,26,5052,151,14295,1,381,80,7354,96,6389,86,13743,California
Amador,2021-03-30,532,20260,28,5080,503,14798,1,382,297,7418,234,6623,298,14041,California
Amador,2021-03-31,202,20462,57,5137,140,14938,5,387,46,7313,156,6779,51,14092,California
Amador,2021-04-01,614,21076,85,5222,529,15467,0,387,267,7237,345,7124,269,14361,California
Amador,2021-04-02,602,21678,34,5256,556,16023,12,399,383,7416,217,7341,396,14757,California
Amador,2021-04-03,82,21760,19,5275,43,16066,20,419,20,7395,62,7403,41,14798,California
Amador,2021-04-04,39,21799,4,5279,29,16095,6,425,16,7394,23,7426,22,14820,California
Amador,2021-04-05,141,21940,49,5328,74,16169,18,443,46,7365,94,7520,65,14885,California
Amador,2021-04-06,502,22442,38,5366,445,16614,19,462,222,7328,278,7798,241,15126,California
Amador,2021-04-07,100,22542,34,5400,47,16661,19,481,44,7337,54,7852,63,15189,California
Amador,2021-04-08,497,23039,84,5484,391,17052,22,503,223,7309,273,8125,245,15434,California
Amador,2021-04-09,482,23521,21,5505,442,17494,19,522,214,7273,267,8392,231,15665,California
Amador,2021-04-10,51,23572,14,5519,26,17520,11,533,22,7277,29,8421,33,15698,California
Amador,2021-04-11,48,23620,23,5542,21,17541,4,537,22,7277,26,8447,26,15724,California
Amador,2021-04-12,98,23718,27,5569,62,17603,9,546,43,7274,55,8502,52,15776,California
Amador,2021-04-13,343,24061,50,5619,293,17896,0,546,68,7068,274,8776,68,15844,California
Amador,2021-04-14,276,24337,26,5645,250,18146,0,546,176,7145,99,8875,176,16020,California
Amador,2021-04-15,329,24666,73,5718,256,18402,0,546,73,6967,251,9126,73,16093,California
Amador,2021-04-16,483,25149,29,5747,454,18856,0,546,384,7254,97,9223,384,16477,California
Amador,2021-04-17,63,25212,37,5784,26,18882,0,546,27,7245,36,9259,27,16504,California
Amador,2021-04-18,25,25237,5,5789,20,18902,0,546,11,7242,14,9273,11,16515,California
Amador,2021-04-19,69,25306,27,5816,42,18944,0,546,31,7238,37,9310,33,16548,California
Amador,2021-04-20,434,25740,53,5869,381,19325,0,546,111,7034,317,9627,113,16661,California
Amador,2021-04-21,86,25826,33,5902,53,19378,0,546,43,7035,42,9669,43,16704,California
Amador,2021-04-22,150,25976,70,5972,79,19457,1,547,66,7022,80,9749,67,16771,California
Amador,2021-04-23,355,26331,44,6016,311,19768,0,547,281,7232,73,9822,283,17054,California
Amador,2021-04-24,41,26372,19,6035,22,19790,0,547,22,7235,19,9841,22,17076,California
Amador,2021-04-25,34,26406,16,6051,18,19808,0,547,22,7245,12,9853,22,17098,California
Amador,2021-04-26,79,26485,25,6076,53,19861,1,548,39,7246,39,9892,40,17138,California
Amador,2021-04-27,38,26523,22,6098,16,19877,0,548,21,7251,17,9909,22,17160,California
Butte,2020-12-16,3,3,3,3,0,0,0,0,3,3,0,0,3,3,California
Butte,2020-12-17,21,24,21,24,0,0,0,0,21,24,0,0,21,24,California
Butte,2020-12-18,50,74,50,74,0,0,0,0,50,74,0,0,50,74,California
Butte,2020-12-19,7,81,7,81,0,0,0,0,7,81,0,0,7,81,California
Butte,2020-12-20,10,91,10,91,0,0,0,0,10,91,0,0,10,91,California
Butte,2020-12-21,634,725,634,725,0,0,0,0,634,725,0,0,634,725,California
Butte,2020-12-22,618,1343,616,1341,2,2,0,0,618,1343,0,0,618,1343,California
Butte,2020-12-23,869,2212,853,2194,16,18,0,0,869,2212,0,0,869,2212,California
Butte,2020-12-24,159,2371,156,2350,3,21,0,0,159,2371,0,0,159,2371,California
Butte,2020-12-26,93,2464,91,2441,2,23,0,0,93,2464,0,0,93,2464,California
Butte,2020-12-27,35,2499,34,2475,1,24,0,0,35,2499,0,0,35,2499,California
Butte,2020-12-28,279,2778,273,2748,6,30,0,0,279,2778,0,0,279,2778,California
Butte,2020-12-29,204,2982,180,2928,24,54,0,0,204,2982,0,0,204,2982,California
Butte,2020-12-30,503,3485,291,3219,212,266,0,0,503,3485,0,0,503,3485,California
Butte,2020-12-31,211,3696,18,3237,193,459,0,0,211,3696,0,0,211,3696,California
Butte,2021-01-01,8,3704,1,3238,7,466,0,0,8,3704,0,0,8,3704,California
Butte,2021-01-02,41,3745,38,3276,3,469,0,0,41,3745,0,0,41,3745,California
Butte,2021-01-03,4,3749,1,3277,3,472,0,0,4,3749,0,0,4,3749,California
Butte,2021-01-04,209,3958,175,3452,34,506,0,0,209,3958,0,0,209,3958,California
Butte,2021-01-05,196,4154,151,3603,45,551,0,0,195,4152,1,1,195,4153,California
Butte,2021-01-06,623,4777,397,4000,226,777,0,0,618,4766,5,6,619,4772,California
Butte,2021-01-07,763,5540,371,4371,392,1169,0,0,743,5489,20,26,743,5515,California
Butte,2021-01-08,572,6112,529,4900,43,1212,0,0,526,5969,46,72,526,6041,California
Butte,2021-01-09,12,6124,7,4907,5,1217,0,0,7,5971,5,77,7,6048,California
Butte,2021-01-10,19,6143,5,4912,14,1231,0,0,14,5980,5,82,14,6062,California
Butte,2021-01-11,986,7129,950,5862,36,1267,0,0,357,5711,629,711,360,6422,California
Butte,2021-01-12,697,7826,652,6514,45,1312,0,0,274,5562,423,1134,274,6696,California
Butte,2021-01-13,1448,9274,954,7468,494,1806,0,0,614,5344,834,1968,616,7312,California
Butte,2021-01-14,1637,10911,896,8364,741,2547,0,0,1440,6588,196,2164,1440,8752,California
Butte,2021-01-15,1170,12081,926,9290,244,2791,0,0,1061,7539,110,2274,1061,9813,California
Butte,2021-01-16,586,12667,300,9590,286,3077,0,0,541,8035,45,2319,541,10354,California
Butte,2021-01-17,239,12906,64,9654,175,3252,0,0,202,8200,37,2356,202,10556,California
Butte,2021-01-18,342,13248,302,9956,40,3292,0,0,274,8407,67,2423,274,10830,California
Butte,2021-01-19,493,13741,429,10385,64,3356,0,0,220,8354,273,2696,220,11050,California
Butte,2021-01-20,1346,15087,665,11050,681,4037,0,0,1043,9094,303,2999,1043,12093,California
Butte,2021-01-21,1474,16561,866,11916,608,4645,0,0,1366,10353,107,3106,1366,13459,California
Butte,2021-01-22,995,17556,336,12252,659,5304,0,0,942,11242,53,3159,942,14401,California
Butte,2021-01-23,125,17681,83,12335,42,5346,0,0,99,11315,26,3185,99,14500,California
Butte,2021-01-24,9,17690,7,12342,2,5348,0,0,9,11324,0,3185,9,14509,California
Butte,2021-01-25,654,18344,336,12678,318,5666,0,0,491,11652,163,3348,491,15000,California
Butte,2021-01-26,1467,19811,377,13055,1090,6756,0,0,1330,12845,137,3485,1330,16330,California
Butte,2021-01-27,2085,21896,708,13763,1377,8133,0,0,1365,13491,719,4204,1365,17695,California
Butte,2021-01-28,2262,24158,261,14024,2001,10134,0,0,1951,15132,310,4514,1951,19646,California
Butte,2021-01-29,1683,25841,488,14512,1195,11329,0,0,1304,16058,378,4892,1304,20950,California
Butte,2021-01-30,32,25873,9,14521,23,11352,0,0,29,16084,3,4895,29,20979,California
Butte,2021-01-31,17,25890,15,14536,2,11354,0,0,16,16099,1,4896,16,20995,California
Butte,2021-02-01,1748,27638,406,14942,1342,12696,0,0,1359,17071,387,5283,1359,22354,California
Butte,2021-02-02,1931,29569,362,15304,1569,14265,0,0,1628,18395,304,5587,1628,23982,California
Butte,2021-02-03,2733,32302,772,16076,1961,16226,0,0,1843,19350,888,6475,1843,25825,California
Butte,2021-02-04,2960,35262,327,16403,2633,18859,0,0,2405,21202,553,7028,2405,28230,California
Butte,2021-02-05,1168,36430,662,17065,506,19365,0,0,537,21109,631,7659,538,28768,California
Butte,2021-02-06,143,36573,102,17167,41,19406,0,0,61,21088,82,7741,61,28829,California
Butte,2021-02-07,37,36610,33,17200,4,19410,0,0,13,21077,24,7765,13,28842,California
Butte,2021-02-08,689,37299,540,17740,149,19559,0,0,238,20864,451,8216,238,29080,California
Butte,2021-02-09,951,38250,457,18197,494,20053,0,0,724,21361,227,8443,724,29804,California
Butte,2021-02-10,1708,39958,1191,19388,517,20570,0,0,699,21053,1007,9450,699,30503,California
Butte,2021-02-11,2198,42156,1348,20736,850,21420,0,0,1004,20863,1194,10644,1004,31507,California
Butte,2021-02-12,868,43024,302,21038,566,21986,0,0,317,20630,550,11194,317,31824,California
Butte,2021-02-13,254,43278,45,21083,209,22195,0,0,151,20678,103,11297,151,31975,California
Butte,2021-02-14,160,43438,9,21092,151,22346,0,0,155,20828,5,11302,155,32130,California
Butte,2021-02-15,261,43699,48,21140,213,22559,0,0,198,20963,63,11365,198,32328,California
Butte,2021-02-16,729,44428,428,21568,301,22860,0,0,273,20779,457,11822,273,32601,California
Butte,2021-02-17,1513,45941,847,22415,666,23526,0,0,841,20950,670,12492,841,33442,California
Butte,2021-02-18,1552,47493,760,23175,792,24318,0,0,746,20890,806,13298,746,34188,California
Butte,2021-02-19,1167,48660,387,23562,780,25098,0,0,402,20534,758,14056,402,34590,California
Butte,2021-02-20,473,49133,28,23590,445,25543,0,0,120,20302,352,14408,120,34710,California
Butte,2021-02-21,16,49149,14,23604,2,25545,0,0,11,20308,5,14413,11,34721,California
Butte,2021-02-22,1493,50642,295,23899,1198,26743,0,0,381,19578,1111,15524,381,35102,California
Butte,2021-02-23,1633,52275,298,24197,1335,28078,0,0,463,18876,1165,16689,463,35565,California
Butte,2021-02-24,2133,54408,596,24793,1537,29615,0,0,730,18211,1395,18084,730,36295,California
Butte,2021-02-25,2073,56481,574,25367,1499,31114,0,0,652,17448,1416,19500,653,36948,California
Butte,2021-02-26,921,57402,311,25678,610,31724,0,0,398,17326,520,20020,398,37346,California
Butte,2021-02-27,233,57635,47,25725,186,31910,0,0,186,17467,45,20065,186,37532,California
Butte,2021-02-28,139,57774,16,25741,123,32033,0,0,131,17590,8,20073,131,37663,California
Butte,2021-03-01,1626,59400,178,25919,1447,33480,1,1,329,16625,1295,21368,330,37993,California
Butte,2021-03-02,1739,61139,194,26113,1545,35025,0,1,307,15504,1428,22796,307,38300,California
Butte,2021-03-03,2781,63920,846,26959,1935,36960,0,1,481,13686,2299,25095,481,38781,California
Butte,2021-03-04,3135,67055,672,27631,2463,39423,0,1,618,11788,2516,27611,618,39399,California
Butte,2021-03-05,1329,68384,604,28235,724,40147,1,2,723,11909,603,28214,724,40123,California
Butte,2021-03-06,247,68631,27,28262,197,40344,23,25,186,12058,60,28274,209,40332,California
Butte,2021-03-07,55,68686,3,28265,35,40379,17,42,30,12080,25,28299,47,40379,California
Butte,2021-03-08,1263,69949,129,28394,1057,41436,77,119,1098,13093,162,28461,1175,41554,California
Butte,2021-03-09,1896,71845,276,28670,1517,42953,103,222,1411,14123,484,28945,1514,43068,California
Butte,2021-03-10,2323,74168,968,29638,1255,44208,100,322,1583,15070,735,29680,1682,44750,California
Butte,2021-03-11,2802,76970,1314,30952,1363,45571,125,447,1979,16361,813,30493,2104,46854,California
Butte,2021-03-12,1140,78110,328,31280,466,46037,346,793,354,16281,780,31273,700,47554,California
Butte,2021-03-13,253,78363,68,31348,137,46174,48,841,65,16206,188,31461,113,47667,California
Butte,2021-03-14,160,78523,15,31363,103,46277,42,883,21,16131,138,31599,63,47730,California
Butte,2021-03-15,1719,80242,360,31723,1066,47343,293,1176,1126,16962,588,32187,1419,49149,California
Butte,2021-03-16,1623,81865,414,32137,1131,48474,78,1254,1083,17585,537,32724,1160,50309,California
Butte,2021-03-17,1950,83815,1357,33494,512,48986,81,1335,1131,17985,811,33535,1211,51520,California
Butte,2021-03-18,1797,85612,1455,34949,213,49199,129,1464,1058,18437,734,34269,1186,52706,California
Butte,2021-03-19,699,86311,314,35263,301,49500,84,1548,345,18520,346,34615,429,53135,California
Butte,2021-03-20,205,86516,32,35295,157,49657,16,1564,93,18517,112,34727,109,53244,California
Butte,2021-03-21,57,86573,26,35321,2,49659,29,1593,15,18519,42,34769,44,53288,California
Butte,2021-03-22,1462,88035,354,35675,1014,50673,94,1687,1197,19547,263,35032,1291,54579,California
Butte,2021-03-23,1795,89830,487,36162,1194,51867,114,1801,1451,20769,343,35375,1565,56144,California
Butte,2021-03-24,2246,92076,1263,37425,857,52724,126,1927,1698,22050,542,35917,1823,57967,California
Butte,2021-03-25,1482,93558,1199,38624,193,52917,90,2017,1020,22701,459,36376,1110,59077,California
Butte,2021-03-26,1209,94767,440,39064,523,53440,246,2263,569,22884,632,37008,815,59892,California
Butte,2021-03-27,300,95067,83,39147,193,53633,24,2287,132,22874,165,37173,155,60047,California
Butte,2021-03-28,224,95291,42,39189,174,53807,8,2295,100,22860,121,37294,107,60154,California
Butte,2021-03-29,1722,97013,381,39570,1271,55078,70,2365,1308,23827,411,37705,1378,61532,California
Butte,2021-03-30,1032,98045,466,40036,476,55554,90,2455,492,23875,534,38239,582,62114,California
Butte,2021-03-31,1776,99821,1304,41340,405,55959,67,2522,1086,24344,684,38923,1153,63267,California
Butte,2021-04-01,3283,103104,2666,44006,490,56449,127,2649,2214,25622,1064,39987,2342,65609,California
Butte,2021-04-02,995,104099,415,44421,460,56909,120,2769,561,25876,426,40413,680,66289,California
Butte,2021-04-03,346,104445,47,44468,224,57133,75,2844,166,25937,180,40593,241,66530,California
Butte,2021-04-04,185,104630,22,44490,140,57273,23,2867,107,25991,76,40669,130,66660,California
Butte,2021-04-05,1958,106588,419,44909,1369,58642,170,3037,601,25411,1350,42019,770,67430,California
Butte,2021-04-06,2184,108772,617,45526,1147,59789,420,3457,786,25223,1392,43411,1204,68634,California
Butte,2021-04-07,2998,111770,1310,46836,1295,61084,393,3850,687,23997,2306,45717,1080,69714,California
Butte,2021-04-08,2715,114485,1185,48021,1264,62348,266,4116,436,22423,2276,47993,702,70416,California
Butte,2021-04-09,1367,115852,348,48369,540,62888,479,4595,327,22192,1036,49029,805,71221,California
Butte,2021-04-10,217,116069,46,48415,74,62962,97,4692,95,22262,121,49150,191,71412,California
Butte,2021-04-11,101,116170,44,48459,47,63009,10,4702,81,22335,18,49168,91,71503,California
Butte,2021-04-12,1406,117576,316,48775,956,63965,134,4836,252,21567,1154,50322,386,71889,California
Butte,2021-04-13,1636,119212,571,49346,1059,65024,6,4842,350,20645,1279,51601,357,72246,California
Butte,2021-04-14,2828,122040,2337,51683,491,65515,0,4842,1315,20453,1508,53109,1316,73562,California
Butte,2021-04-15,610,122650,373,52056,237,65752,0,4842,462,20769,146,53255,462,74024,California
Butte,2021-04-16,806,123456,413,52469,393,66145,0,4842,474,20916,329,53584,476,74500,California
Butte,2021-04-17,338,123794,61,52530,277,66422,0,4842,236,21052,100,53684,236,74736,California
Butte,2021-04-18,38,123832,8,52538,30,66452,0,4842,34,21082,4,53688,34,74770,California
Butte,2021-04-19,1558,125390,381,52919,1177,67629,0,4842,449,20425,1106,54794,449,75219,California
Butte,2021-04-20,1971,127361,726,53645,1245,68874,0,4842,790,20039,1176,55970,790,76009,California
Butte,2021-04-21,2058,129419,1168,54813,889,69763,1,4843,488,18963,1564,57534,488,76497,California
Butte,2021-04-22,2153,131572,1881,56694,272,70035,0,4843,588,17989,1562,59096,588,77085,California
Butte,2021-04-23,931,132503,442,57136,489,70524,0,4843,485,18030,444,59540,485,77570,California
Butte,2021-04-24,247,132750,85,57221,162,70686,0,4843,129,18041,118,59658,129,77699,California
Butte,2021-04-25,141,132891,57,57278,84,70770,0,4843,54,18009,86,59744,54,77753,California
Butte,2021-04-26,1203,134094,354,57632,844,71614,5,4848,349,17511,852,60596,354,78107,California
Butte,2021-04-27,460,134554,401,58033,46,71660,13,4861,311,17690,145,60741,324,78431,California
Calaveras,2020-12-16,5,5,5,5,0,0,0,0,5,5,0,0,5,5,California
Calaveras,2020-12-17,3,8,3,8,0,0,0,0,3,8,0,0,3,8,California
Calaveras,2020-12-18,38,46,38,46,0,0,0,0,38,46,0,0,38,46,California
Calaveras,2020-12-19,3,49,3,49,0,0,0,0,3,49,0,0,3,49,California
Calaveras,2020-12-20,3,52,3,52,0,0,0,0,3,52,0,0,3,52,California
Calaveras,2020-12-21,55,107,48,100,7,7,0,0,55,107,0,0,55,107,California
Calaveras,2020-12-22,80,187,76,176,4,11,0,0,81,188,0,0,81,188,California
Calaveras,2020-12-23,76,263,74,250,2,13,0,0,76,264,0,0,76,264,California
Calaveras,2020-12-24,2,265,2,252,0,13,0,0,2,266,0,0,2,266,California
Calaveras,2020-12-26,3,268,3,255,0,13,0,0,3,269,0,0,3,269,California
Calaveras,2020-12-28,22,290,18,273,4,17,0,0,21,289,1,1,21,290,California
Calaveras,2020-12-29,168,458,148,421,20,37,0,0,168,457,0,1,168,458,California
Calaveras,2020-12-30,94,552,82,503,12,49,0,0,94,551,0,1,94,552,California
Calaveras,2020-12-31,35,587,25,528,10,59,0,0,35,586,0,1,35,587,California
Calaveras,2021-01-02,11,598,11,539,0,59,0,0,11,597,0,1,11,598,California
Calaveras,2021-01-03,9,607,4,543,5,64,0,0,9,606,0,1,9,607,California
Calaveras,2021-01-04,33,640,5,548,28,92,0,0,33,639,0,1,33,640,California
Calaveras,2021-01-05,41,681,10,558,31,123,0,0,33,669,8,9,38,678,California
Calaveras,2021-01-06,107,788,29,587,78,201,0,0,97,756,10,19,97,775,California
Calaveras,2021-01-07,104,892,25,612,79,280,0,0,92,838,11,30,93,868,California
Calaveras,2021-01-08,68,960,38,650,30,310,0,0,45,861,23,53,46,914,California
Calaveras,2021-01-09,5,965,5,655,0,310,0,0,2,860,3,56,2,916,California
Calaveras,2021-01-10,2,967,0,655,2,312,0,0,2,862,0,56,2,918,California
Calaveras,2021-01-11,64,1031,58,713,6,318,0,0,27,854,36,92,28,946,California
Calaveras,2021-01-12,86,1117,53,766,33,351,0,0,53,875,33,125,54,1000,California
Calaveras,2021-01-13,107,1224,43,809,64,415,0,0,74,917,33,158,75,1075,California
Calaveras,2021-01-14,136,1360,41,850,95,510,0,0,103,989,32,190,104,1179,California
Calaveras,2021-01-15,90,1450,28,878,62,572,0,0,71,1041,19,209,71,1250,California
Calaveras,2021-01-16,13,1463,2,880,11,583,0,0,12,1052,1,210,12,1262,California
Calaveras,2021-01-17,10,1473,1,881,9,592,0,0,10,1062,0,210,10,1272,California
Calaveras,2021-01-18,131,1604,19,900,112,704,0,0,118,1170,13,223,121,1393,California
Calaveras,2021-01-19,204,1808,174,1074,30,734,0,0,62,1092,141,364,63,1456,California
Calaveras,2021-01-20,375,2183,81,1155,294,1028,0,0,291,1308,83,447,299,1755,California
Calaveras,2021-01-21,461,2644,40,1195,421,1449,0,0,434,1721,27,474,440,2195,California
Calaveras,2021-01-22,401,3045,23,1218,378,1827,0,0,391,2109,10,484,398,2593,California
Calaveras,2021-01-23,22,3067,10,1228,12,1839,0,0,18,2123,4,488,18,2611,California
Calaveras,2021-01-24,13,3080,8,1236,5,1844,0,0,11,2132,2,490,11,2622,California
Calaveras,2021-01-25,85,3165,8,1244,77,1921,0,0,80,2207,5,495,80,2702,California
Calaveras,2021-01-26,47,3212,16,1260,31,1952,0,0,38,2236,9,504,38,2740,California
Calaveras,2021-01-27,133,3345,43,1303,90,2042,0,0,106,2316,26,530,106,2846,California
Calaveras,2021-01-28,163,3508,23,1326,140,2182,0,0,140,2436,23,553,143,2989,California
Calaveras,2021-01-29,386,3894,13,1339,373,2555,0,0,362,2782,24,577,370,3359,California
Calaveras,2021-01-30,27,3921,10,1349,17,2572,0,0,25,2807,0,577,25,3384,California
Calaveras,2021-01-31,5,3926,3,1352,2,2574,0,0,4,2810,1,578,4,3388,California
Calaveras,2021-02-01,24,3950,11,1363,13,2587,0,0,18,2822,6,584,18,3406,California
Calaveras,2021-02-02,109,4059,23,1386,86,2673,0,0,70,2858,35,619,71,3477,California
Calaveras,2021-02-03,430,4489,43,1429,387,3060,0,0,347,3124,82,701,348,3825,California
Calaveras,2021-02-04,377,4866,24,1453,353,3413,0,0,295,3337,82,783,295,4120,California
Calaveras,2021-02-05,79,4945,23,1476,56,3469,0,0,41,3341,38,821,42,4162,California
Calaveras,2021-02-06,22,4967,13,1489,9,3478,0,0,22,3363,0,821,22,4184,California
Calaveras,2021-02-07,4,4971,1,1490,3,3481,0,0,2,3363,2,823,2,4186,California
Calaveras,2021-02-08,38,5009,17,1507,21,3502,0,0,30,3387,6,829,30,4216,California
Calaveras,2021-02-09,189,5198,73,1580,116,3618,0,0,128,3460,55,884,128,4344,California
Calaveras,2021-02-10,511,5709,29,1609,482,4100,0,0,445,3840,66,950,446,4790,California
Calaveras,2021-02-11,581,6290,80,1689,501,4601,0,0,474,4211,104,1054,475,5265,California
Calaveras,2021-02-12,569,6859,325,2014,244,4845,0,0,494,4633,73,1127,495,5760,California
Calaveras,2021-02-13,193,7052,37,2051,156,5001,0,0,178,4796,15,1142,178,5938,California
Calaveras,2021-02-14,221,7273,71,2122,150,5151,0,0,206,4987,15,1157,206,6144,California
Calaveras,2021-02-15,381,7654,22,2144,359,5510,0,0,261,5131,117,1274,261,6405,California
Calaveras,2021-02-16,267,7921,143,2287,124,5634,0,0,231,5326,36,1310,231,6636,California
Calaveras,2021-02-17,509,8430,37,2324,472,6106,0,0,211,5247,291,1601,212,6848,California
Calaveras,2021-02-18,498,8928,91,2415,407,6513,0,0,99,4957,389,1990,99,6947,California
Calaveras,2021-02-19,438,9366,43,2458,395,6908,0,0,97,4723,331,2321,97,7044,California
Calaveras,2021-02-20,59,9425,15,2473,44,6952,0,0,48,4760,11,2332,48,7092,California
Calaveras,2021-02-21,22,9447,13,2486,9,6961,0,0,19,4776,3,2335,19,7111,California
Calaveras,2021-02-22,62,9509,38,2524,24,6985,0,0,33,4780,29,2364,33,7144,California
Calaveras,2021-02-23,123,9632,40,2564,83,7068,0,0,88,4834,35,2399,89,7233,California
Calaveras,2021-02-24,97,9729,48,2612,49,7117,0,0,66,4870,30,2429,66,7299,California
Calaveras,2021-02-25,549,10278,98,2710,451,7568,0,0,359,5042,187,2616,359,7658,California
Calaveras,2021-02-26,707,10985,47,2757,660,8228,0,0,371,5094,321,2937,373,8031,California
Calaveras,2021-02-27,202,11187,21,2778,181,8409,0,0,179,5250,23,2960,179,8210,California
Calaveras,2021-02-28,97,11284,15,2793,82,8491,0,0,92,5338,4,2964,92,8302,California
Calaveras,2021-03-01,226,11510,40,2833,186,8677,0,0,146,5406,79,3043,147,8449,California
Calaveras,2021-03-02,243,11753,91,2924,152,8829,0,0,201,5568,40,3083,202,8651,California
Calaveras,2021-03-03,511,12264,104,3028,407,9236,0,0,215,5491,292,3375,215,8866,California
Calaveras,2021-03-04,736,13000,63,3091,672,9908,1,1,349,5461,381,3756,351,9217,California
Calaveras,2021-03-05,456,13456,271,3362,181,10089,4,5,141,5294,312,4068,145,9362,California
Calaveras,2021-03-06,155,13611,43,3405,106,10195,6,11,121,5387,34,4102,127,9489,California
Calaveras,2021-03-07,76,13687,32,3437,36,10231,8,19,34,5387,42,4144,42,9531,California
Calaveras,2021-03-08,161,13848,26,3463,127,10358,8,27,127,5489,33,4177,135,9666,California
Calaveras,2021-03-09,360,14208,136,3599,218,10576,6,33,32,5202,325,4502,38,9704,California
Calaveras,2021-03-10,415,14623,27,3626,385,10961,3,36,57,4906,356,4858,60,9764,California
Calaveras,2021-03-11,841,15464,415,4041,413,11374,13,49,425,4930,414,5272,438,10202,California
Calaveras,2021-03-12,399,15863,210,4251,178,11552,11,60,326,5199,73,5345,342,10544,California
Calaveras,2021-03-13,177,16040,16,4267,153,11705,8,68,144,5321,32,5377,154,10698,California
Calaveras,2021-03-14,155,16195,10,4277,144,11849,1,69,17,5208,138,5515,25,10723,California
Calaveras,2021-03-15,330,16525,47,4324,257,12106,26,95,52,5013,277,5792,82,10805,California
Calaveras,2021-03-16,682,17207,547,4871,115,12221,20,115,542,5437,138,5930,562,11367,California
Calaveras,2021-03-17,278,17485,52,4923,213,12434,13,128,51,5277,225,6155,65,11432,California
Calaveras,2021-03-18,665,18150,569,5492,81,12515,15,143,551,5731,114,6269,568,12000,California
Calaveras,2021-03-19,229,18379,49,5541,107,12622,73,216,55,5688,170,6439,127,12127,California
Calaveras,2021-03-20,80,18459,20,5561,59,12681,1,217,24,5658,56,6495,26,12153,California
Calaveras,2021-03-21,48,18507,31,5592,6,12687,11,228,13,5647,35,6530,24,12177,California
Calaveras,2021-03-22,79,18586,36,5628,22,12709,21,249,25,5639,54,6584,46,12223,California
Calaveras,2021-03-23,292,18878,204,5832,78,12787,10,259,114,5593,170,6754,124,12347,California
Calaveras,2021-03-24,132,19010,50,5882,72,12859,10,269,42,5556,89,6843,52,12399,California
Calaveras,2021-03-25,736,19746,101,5983,632,13491,3,272,444,5714,289,7132,447,12846,California
Calaveras,2021-03-26,427,20173,27,6010,394,13885,6,278,88,5474,336,7468,96,12942,California
Calaveras,2021-03-27,212,20385,18,6028,190,14075,4,282,39,5349,170,7638,45,12987,California
Calaveras,2021-03-28,112,20497,12,6040,98,14173,2,284,8,5257,103,7741,11,12998,California
Calaveras,2021-03-29,175,20672,21,6061,152,14325,2,286,57,5201,117,7858,61,13059,California
Calaveras,2021-03-30,519,21191,22,6083,482,14807,15,301,345,5388,174,8032,361,13420,California
Calaveras,2021-03-31,321,21512,140,6223,171,14978,10,311,154,5386,167,8199,165,13585,California
Calaveras,2021-04-01,677,22189,438,6661,238,15216,1,312,181,5076,495,8694,185,13770,California
Calaveras,2021-04-02,388,22577,227,6888,153,15369,8,320,113,4925,273,8967,122,13892,California
Calaveras,2021-04-03,142,22719,31,6919,107,15476,4,324,39,4865,103,9070,43,13935,California
Calaveras,2021-04-04,79,22798,26,6945,53,15529,0,324,51,4888,28,9098,51,13986,California
Calaveras,2021-04-05,207,23005,78,7023,120,15649,9,333,97,4885,110,9208,107,14093,California
Calaveras,2021-04-06,645,23650,571,7594,60,15709,14,347,107,4471,535,9743,121,14214,California
Calaveras,2021-04-07,749,24399,651,8245,62,15771,36,383,612,4983,137,9880,649,14863,California
Calaveras,2021-04-08,940,25339,851,9096,69,15840,20,403,434,4934,505,10385,456,15319,California
Calaveras,2021-04-09,151,25490,58,9154,46,15886,47,450,56,4944,94,10479,104,15423,California
Calaveras,2021-04-10,188,25678,42,9196,127,16013,19,469,146,5068,42,10521,166,15589,California
Calaveras,2021-04-11,67,25745,43,9239,22,16035,2,471,46,5095,21,10542,48,15637,California
Calaveras,2021-04-12,101,25846,49,9288,38,16073,14,485,57,5123,44,10586,72,15709,California
Calaveras,2021-04-13,419,26265,363,9651,56,16129,0,485,362,5432,55,10641,364,16073,California
Calaveras,2021-04-14,177,26442,27,9678,150,16279,0,485,133,5522,44,10685,134,16207,California
Calaveras,2021-04-15,335,26777,285,9963,50,16329,0,485,250,5690,82,10767,250,16457,California
Calaveras,2021-04-16,97,26874,24,9987,73,16402,0,485,45,5687,48,10815,45,16502,California
Calaveras,2021-04-17,323,27197,123,10110,200,16602,0,485,282,5928,41,10856,282,16784,California
Calaveras,2021-04-18,19,27216,6,10116,13,16615,0,485,12,5933,7,10863,12,16796,California
Calaveras,2021-04-19,67,27283,24,10140,43,16658,0,485,41,5950,25,10888,42,16838,California
Calaveras,2021-04-20,252,27535,87,10227,165,16823,0,485,188,6076,62,10950,188,17026,California
Calaveras,2021-04-21,208,27743,142,10369,66,16889,0,485,83,6037,123,11073,84,17110,California
Calaveras,2021-04-22,533,28276,91,10460,442,17331,0,485,140,5788,392,11465,143,17253,California
Calaveras,2021-04-23,152,28428,78,10538,74,17405,0,485,60,5758,90,11555,60,17313,California
Calaveras,2021-04-24,157,28585,30,10568,127,17532,0,485,120,5842,36,11591,120,17433,California
Calaveras,2021-04-25,41,28626,29,10597,12,17544,0,485,19,5842,22,11613,22,17455,California
Calaveras,2021-04-26,90,28716,59,10656,31,17575,0,485,26,5806,64,11677,28,17483,California
Calaveras,2021-04-27,323,29039,23,10679,289,17864,11,496,29,5556,292,11969,42,17525,California
Colusa,2020-12-18,1,1,1,1,0,0,0,0,1,1,0,0,1,1,California
Colusa,2020-12-21,2,3,2,3,0,0,0,0,2,3,0,0,2,3,California
Colusa,2020-12-22,10,13,10,13,0,0,0,0,10,13,0,0,10,13,California
Colusa,2020-12-23,10,23,10,23,0,0,0,0,10,23,0,0,10,23,California
Colusa,2020-12-24,2,25,1,24,1,1,0,0,2,25,0,0,2,25,California
Colusa,2020-12-27,1,26,1,25,0,1,0,0,1,26,0,0,1,26,California
Colusa,2020-12-28,7,33,3,28,4,5,0,0,7,33,0,0,7,33,California
Colusa,2020-12-29,11,44,8,36,3,8,0,0,11,44,0,0,11,44,California
Colusa,2020-12-30,50,94,13,49,37,45,0,0,50,94,0,0,50,94,California
Colusa,2020-12-31,18,112,1,50,17,62,0,0,18,112,0,0,18,112,California
Colusa,2021-01-04,4,116,0,50,4,66,0,0,4,116,0,0,4,116,California
Colusa,2021-01-05,67,183,1,51,66,132,0,0,67,183,0,0,67,183,California
Colusa,2021-01-06,15,198,9,60,6,138,0,0,15,198,0,0,15,198,California
Colusa,2021-01-07,38,236,4,64,34,172,0,0,37,234,1,1,37,235,California
Colusa,2021-01-08,9,245,7,71,2,174,0,0,8,241,1,2,8,243,California
Colusa,2021-01-09,2,247,1,72,1,175,0,0,2,243,0,2,2,245,California
Colusa,2021-01-10,1,248,0,72,1,176,0,0,1,244,0,2,1,246,California
Colusa,2021-01-11,12,260,6,78,6,182,0,0,7,246,5,7,7,253,California
Colusa,2021-01-12,11,271,9,87,2,184,0,0,6,247,5,12,6,259,California
Colusa,2021-01-13,21,292,13,100,8,192,0,0,13,252,8,20,13,272,California
Colusa,2021-01-14,35,327,28,128,7,199,0,0,33,283,2,22,33,305,California
Colusa,2021-01-15,41,368,5,133,36,235,0,0,39,320,2,24,39,344,California
Colusa,2021-01-16,12,380,1,134,11,246,0,0,11,330,1,25,11,355,California
Colusa,2021-01-17,3,383,2,136,1,247,0,0,2,331,1,26,2,357,California
Colusa,2021-01-18,4,387,0,136,4,251,0,0,4,335,0,26,4,361,California
Colusa,2021-01-19,9,396,8,144,1,252,0,0,5,336,4,30,5,366,California
Colusa,2021-01-20,115,511,101,245,14,266,0,0,102,425,13,43,102,468,California
Colusa,2021-01-21,56,567,41,286,15,281,0,0,55,479,1,44,55,523,California
Colusa,2021-01-22,40,607,17,303,23,304,0,0,35,509,5,49,35,558,California
Colusa,2021-01-23,35,642,6,309,29,333,0,0,35,544,0,49,35,593,California
Colusa,2021-01-25,7,649,0,309,7,340,0,0,7,551,0,49,7,600,California
Colusa,2021-01-26,8,657,5,314,3,343,0,0,5,553,3,52,5,605,California
Colusa,2021-01-27,109,766,31,345,78,421,0,0,107,658,2,54,107,712,California
Colusa,2021-01-28,79,845,46,391,33,454,0,0,72,723,7,61,72,784,California
Colusa,2021-01-29,41,886,7,398,34,488,0,0,40,762,1,62,40,824,California
Colusa,2021-01-30,27,913,4,402,23,511,0,0,27,789,0,62,27,851,California
Colusa,2021-01-31,7,920,7,409,0,511,0,0,7,796,0,62,7,858,California
Colusa,2021-02-01,27,947,10,419,17,528,0,0,22,813,5,67,22,880,California
Colusa,2021-02-02,42,989,8,427,34,562,0,0,36,843,6,73,36,916,California
Colusa,2021-02-03,69,1058,10,437,59,621,0,0,59,892,10,83,59,975,California
Colusa,2021-02-04,143,1201,81,518,62,683,0,0,115,979,28,111,115,1090,California
Colusa,2021-02-05,32,1233,8,526,24,707,0,0,29,1005,3,114,29,1119,California
Colusa,2021-02-06,284,1517,8,534,276,983,0,0,273,1267,11,125,273,1392,California
Colusa,2021-02-07,2,1519,1,535,1,984,0,0,0,1265,2,127,0,1392,California
Colusa,2021-02-08,40,1559,5,540,35,1019,0,0,37,1299,3,130,37,1429,California
Colusa,2021-02-09,231,1790,14,554,217,1236,0,0,176,1420,55,185,176,1605,California
Colusa,2021-02-10,116,1906,41,595,75,1311,0,0,73,1450,43,228,73,1678,California
Colusa,2021-02-11,97,2003,36,631,61,1372,0,0,72,1497,25,253,72,1750,California
Colusa,2021-02-12,117,2120,9,640,108,1480,0,0,79,1537,39,292,79,1829,California
Colusa,2021-02-13,60,2180,8,648,52,1532,0,0,52,1581,8,300,52,1881,California
Colusa,2021-02-14,20,2200,8,656,12,1544,0,0,14,1589,6,306,14,1895,California
Colusa,2021-02-15,45,2245,10,666,35,1579,0,0,38,1620,7,313,38,1933,California
Colusa,2021-02-16,67,2312,4,670,63,1642,0,0,66,1685,1,314,66,1999,California
Colusa,2021-02-17,206,2518,143,813,63,1705,0,0,60,1599,146,460,60,2059,California
Colusa,2021-02-18,135,2653,35,848,100,1805,0,0,112,1688,23,483,112,2171,California
Colusa,2021-02-19,155,2808,19,867,136,1941,0,0,129,1791,26,509,129,2300,California
Colusa,2021-02-20,28,2836,6,873,22,1963,0,0,12,1787,16,525,12,2312,California
Colusa,2021-02-21,1,2837,1,874,0,1963,0,0,0,1786,1,526,0,2312,California
Colusa,2021-02-22,43,2880,26,900,17,1980,0,0,29,1801,14,540,29,2341,California
Colusa,2021-02-23,22,2902,6,906,16,1996,0,0,18,1815,4,544,18,2359,California
Colusa,2021-02-24,300,3202,54,960,246,2242,0,0,158,1831,142,686,158,2517,California
Colusa,2021-02-25,102,3304,55,1015,47,2289,0,0,66,1861,36,722,66,2583,California
Colusa,2021-02-26,97,3401,12,1027,85,2374,0,0,58,1880,39,761,58,2641,California
Colusa,2021-02-27,55,3456,4,1031,51,2425,0,0,40,1905,15,776,40,2681,California
Colusa,2021-02-28,26,3482,14,1045,12,2437,0,0,18,1915,8,784,18,2699,California
Colusa,2021-03-01,46,3528,15,1060,31,2468,0,0,29,1927,17,801,29,2728,California
Colusa,2021-03-02,49,3577,13,1073,36,2504,0,0,26,1930,23,824,26,2754,California
Colusa,2021-03-03,241,3818,42,1115,199,2703,0,0,184,2057,57,881,184,2938,California
Colusa,2021-03-04,138,3956,58,1173,80,2783,0,0,80,2079,58,939,80,3018,California
Colusa,2021-03-05,98,4054,25,1198,64,2847,9,9,53,2096,45,984,62,3080,California
Colusa,2021-03-06,274,4328,9,1207,265,3112,0,9,37,1896,237,1221,37,3117,California
Colusa,2021-03-07,8,4336,5,1212,3,3115,0,9,6,1900,2,1223,6,3123,California
Colusa,2021-03-08,88,4424,20,1232,33,3148,35,44,44,1935,44,1267,79,3202,California
Colusa,2021-03-09,272,4696,70,1302,179,3327,23,67,83,1852,189,1456,106,3308,California
Colusa,2021-03-10,287,4983,35,1337,216,3543,36,103,201,2003,86,1542,237,3545,California
Colusa,2021-03-11,418,5401,59,1396,338,3881,21,124,337,2278,81,1623,356,3901,California
Colusa,2021-03-12,109,5510,18,1414,78,3959,13,137,19,2220,90,1713,32,3933,California
Colusa,2021-03-13,61,5571,16,1430,36,3995,9,146,18,2204,43,1756,27,3960,California
Colusa,2021-03-14,20,5591,0,1430,18,4013,2,148,6,2199,13,1769,8,3968,California
Colusa,2021-03-15,69,5660,26,1456,35,4048,8,156,14,2166,55,1824,22,3990,California
Colusa,2021-03-16,295,5955,15,1471,234,4282,46,202,188,2293,107,1931,234,4224,California
Colusa,2021-03-17,195,6150,49,1520,146,4428,0,202,111,2320,84,2015,111,4335,California
Colusa,2021-03-18,320,6470,33,1553,216,4644,71,273,198,2466,122,2137,268,4603,California
Colusa,2021-03-19,78,6548,20,1573,56,4700,2,275,55,2500,23,2160,57,4660,California
Colusa,2021-03-20,49,6597,7,1580,41,4741,1,276,36,2524,13,2173,37,4697,California
Colusa,2021-03-21,6,6603,4,1584,2,4743,0,276,4,2526,2,2175,4,4701,California
Colusa,2021-03-22,62,6665,10,1594,43,4786,9,285,40,2553,22,2197,49,4750,California
Colusa,2021-03-23,81,6746,16,1610,63,4849,2,287,54,2582,27,2224,56,4806,California
Colusa,2021-03-24,338,7084,57,1667,275,5124,6,293,70,2389,268,2492,75,4881,California
Colusa,2021-03-25,109,7193,60,1727,44,5168,5,298,52,2389,57,2549,57,4938,California
Colusa,2021-03-26,297,7490,46,1773,247,5415,4,302,244,2584,53,2602,248,5186,California
Colusa,2021-03-27,62,7552,5,1778,57,5472,0,302,25,2571,38,2640,25,5211,California
Colusa,2021-03-28,15,7567,6,1784,9,5481,0,302,7,2570,8,2648,7,5218,California
Colusa,2021-03-29,69,7636,19,1803,44,5525,6,308,30,2567,39,2687,36,5254,California
Colusa,2021-03-30,148,7784,78,1881,68,5593,2,310,76,2573,72,2759,78,5332,California
Colusa,2021-03-31,228,8012,36,1917,192,5785,0,310,69,2485,157,2916,69,5401,California
Colusa,2021-04-01,423,8435,67,1984,301,6086,55,365,300,2718,122,3038,355,5756,California
Colusa,2021-04-02,83,8518,14,1998,55,6141,14,379,39,2727,44,3082,53,5809,California
Colusa,2021-04-03,62,8580,10,2008,29,6170,23,402,14,2716,48,3130,37,5846,California
Colusa,2021-04-04,18,8598,0,2008,8,6178,10,412,3,2714,15,3145,13,5859,California
Colusa,2021-04-05,95,8693,25,2033,55,6233,15,427,39,2712,56,3201,54,5913,California
Colusa,2021-04-06,128,8821,33,2066,45,6278,50,477,43,2720,85,3286,93,6006,California
Colusa,2021-04-07,357,9178,40,2106,294,6572,23,500,133,2653,224,3510,157,6163,California
Colusa,2021-04-08,427,9605,33,2139,366,6938,28,528,122,2500,302,3812,149,6312,California
Colusa,2021-04-09,76,9681,21,2160,32,6970,23,551,28,2503,48,3860,51,6363,California
Colusa,2021-04-10,45,9726,9,2169,16,6986,20,571,13,2504,32,3892,33,6396,California
Colusa,2021-04-11,15,9741,2,2171,11,6997,2,573,7,2505,8,3900,9,6405,California
Colusa,2021-04-12,31,9772,3,2174,28,7025,0,573,24,2522,7,3907,24,6429,California
Colusa,2021-04-13,279,10051,23,2197,256,7281,0,573,95,2434,183,4090,95,6524,California
Colusa,2021-04-14,94,10145,19,2216,75,7356,0,573,33,2406,61,4151,33,6557,California
Colusa,2021-04-15,317,10462,42,2258,275,7631,0,573,129,2347,188,4339,129,6686,California
Colusa,2021-04-16,80,10542,11,2269,69,7700,0,573,36,2340,43,4382,36,6722,California
Colusa,2021-04-17,53,10595,7,2276,46,7746,0,573,31,2349,22,4404,31,6753,California
Colusa,2021-04-18,9,10604,2,2278,7,7753,0,573,7,2354,2,4406,7,6760,California
Colusa,2021-04-19,61,10665,22,2300,39,7792,0,573,17,2327,44,4450,17,6777,California
Colusa,2021-04-20,176,10841,32,2332,144,7936,0,573,128,2407,48,4498,128,6905,California
Colusa,2021-04-21,169,11010,59,2391,110,8046,0,573,109,2456,60,4558,109,7014,California
Colusa,2021-04-22,404,11414,26,2417,377,8423,1,574,204,2461,199,4757,204,7218,California
Colusa,2021-04-23,86,11500,20,2437,66,8489,0,574,37,2449,49,4806,37,7255,California
Colusa,2021-04-24,177,11677,10,2447,166,8655,1,575,155,2583,22,4828,156,7411,California
Colusa,2021-04-25,8,11685,4,2451,4,8659,0,575,5,2585,3,4831,5,7416,California
Colusa,2021-04-26,16,11701,4,2455,11,8670,1,576,5,2580,10,4841,5,7421,California
Colusa,2021-04-27,57,11758,9,2464,45,8715,3,579,19,2564,38,4879,22,7443,California
Contra Costa,2020-12-15,18,18,18,18,0,0,0,0,18,18,0,0,18,18,California
Contra Costa,2020-12-16,522,540,522,540,0,0,0,0,522,540,0,0,522,540,California
Contra Costa,2020-12-17,909,1449,909,1449,0,0,0,0,909,1449,0,0,909,1449,California
Contra Costa,2020-12-18,1591,3040,1590,3039,1,1,0,0,1591,3040,0,0,1591,3040,California
Contra Costa,2020-12-19,1101,4141,1100,4139,1,2,0,0,1101,4141,0,0,1101,4141,California
Contra Costa,2020-12-20,583,4724,582,4721,1,3,0,0,583,4724,0,0,583,4724,California
Contra Costa,2020-12-21,1654,6378,1652,6373,2,5,0,0,1654,6378,0,0,1654,6378,California
Contra Costa,2020-12-22,1665,8043,1561,7934,104,109,0,0,1665,8043,0,0,1665,8043,California
Contra Costa,2020-12-23,1583,9626,1335,9269,248,357,0,0,1583,9626,0,0,1583,9626,California
Contra Costa,2020-12-24,654,10280,336,9605,318,675,0,0,654,10280,0,0,654,10280,California
Contra Costa,2020-12-25,39,10319,17,9622,22,697,0,0,39,10319,0,0,39,10319,California
Contra Costa,2020-12-26,641,10960,131,9753,510,1207,0,0,641,10960,0,0,641,10960,California
Contra Costa,2020-12-27,240,11200,87,9840,153,1360,0,0,240,11200,0,0,240,11200,California
Contra Costa,2020-12-28,1829,13029,860,10700,969,2329,0,0,1829,13029,0,0,1829,13029,California
Contra Costa,2020-12-29,1826,14855,824,11524,1002,3331,0,0,1826,14855,0,0,1826,14855,California
Contra Costa,2020-12-30,2390,17245,1215,12739,1175,4506,0,0,2389,17244,0,0,2389,17244,California
Contra Costa,2020-12-31,914,18159,308,13047,606,5112,0,0,913,18157,0,0,913,18157,California
Contra Costa,2021-01-01,60,18219,23,13070,37,5149,0,0,60,18217,0,0,60,18217,California
Contra Costa,2021-01-02,334,18553,173,13243,161,5310,0,0,334,18551,0,0,334,18551,California
Contra Costa,2021-01-03,175,18728,117,13360,58,5368,0,0,174,18725,0,0,174,18725,California
Contra Costa,2021-01-04,1902,20630,1250,14610,652,6020,0,0,1881,20587,19,19,1881,20606,California
Contra Costa,2021-01-05,2098,22728,1257,15867,841,6861,0,0,1839,22169,258,277,1840,22446,California
Contra Costa,2021-01-06,3271,25999,2242,18109,1029,7890,0,0,2510,23927,755,1032,2513,24959,California
Contra Costa,2021-01-07,3087,29086,2057,20166,1030,8920,0,0,1876,24595,1208,2240,1876,26835,California
Contra Costa,2021-01-08,3381,32467,2389,22555,992,9912,0,0,1819,24860,1557,3797,1822,28657,California
Contra Costa,2021-01-09,1585,34052,1133,23688,452,10364,0,0,749,24776,835,4632,751,29408,California
Contra Costa,2021-01-10,360,34412,286,23974,74,10438,0,0,151,24718,209,4841,151,29559,California
Contra Costa,2021-01-11,3836,38248,3145,27119,691,11129,0,0,2231,25347,1605,6446,2234,31793,California
Contra Costa,2021-01-12,3906,42154,2929,30048,977,12106,0,0,2582,26607,1324,7770,2584,34377,California
Contra Costa,2021-01-13,4669,46823,2880,32928,1789,13895,0,0,3735,29413,930,8700,3736,38113,California
Contra Costa,2021-01-14,4302,51125,1553,34481,2749,16644,0,0,3920,32951,382,9082,3920,42033,California
Contra Costa,2021-01-15,5335,56460,2459,36940,2876,19520,0,0,5012,37645,322,9404,5016,47049,California
Contra Costa,2021-01-16,1716,58176,552,37492,1164,20684,0,0,1641,39211,75,9479,1641,48690,California
Contra Costa,2021-01-17,1636,59812,974,38466,662,21346,0,0,1513,40604,123,9602,1516,50206,California
Contra Costa,2021-01-18,3194,63006,1254,39720,1940,23286,0,0,2571,42559,617,10219,2572,52778,California
Contra Costa,2021-01-19,7060,70066,3157,42877,3903,27189,0,0,6057,47621,1000,11219,6062,58840,California
Contra Costa,2021-01-20,6608,76674,4053,46930,2555,29744,0,0,5374,51770,1230,12449,5379,64219,California
Contra Costa,2021-01-21,6954,83628,3092,50022,3862,33606,0,0,6230,57289,719,13168,6238,70457,California
Contra Costa,2021-01-22,6362,89990,2699,52721,3663,37269,0,0,5505,61949,848,14016,5508,75965,California
Contra Costa,2021-01-23,2024,92014,358,53079,1666,38935,0,0,1766,63461,256,14272,1768,77733,California
Contra Costa,2021-01-24,1582,93596,220,53299,1362,40297,0,0,1437,64757,145,14417,1441,79174,California
Contra Costa,2021-01-25,6648,100244,3016,56315,3632,43929,0,0,5085,68284,1561,15978,5088,84262,California
Contra Costa,2021-01-26,8075,108319,4676,60991,3399,47328,0,0,6239,72699,1828,17806,6243,90505,California
Contra Costa,2021-01-27,8236,116555,5499,66490,2737,50065,0,0,6339,77234,1816,19622,6351,96856,California
Contra Costa,2021-01-28,7431,123986,4077,70567,3354,53419,0,0,5832,81477,1593,21215,5836,102692,California
Contra Costa,2021-01-29,7439,131425,3889,74456,3550,56969,0,0,6129,86302,1306,22521,6131,108823,California
Contra Costa,2021-01-30,2081,133506,596,75052,1485,58454,0,0,1715,87659,359,22880,1716,110539,California
Contra Costa,2021-01-31,699,134205,480,75532,219,58673,0,0,572,88107,124,23004,572,111111,California
Contra Costa,2021-02-01,5518,139723,3761,79293,1757,60430,0,0,3889,90375,1624,24628,3892,115003,California
Contra Costa,2021-02-02,7751,147474,5274,84567,2477,62907,0,0,5902,94431,1847,26475,5903,120906,California
Contra Costa,2021-02-03,8265,155739,5458,90025,2807,65714,0,0,5631,97440,2623,29098,5632,126538,California
Contra Costa,2021-02-04,7441,163180,3534,93559,3907,69621,0,0,5722,101449,1715,30813,5724,132262,California
Contra Costa,2021-02-05,8422,171602,4818,98377,3604,73225,0,0,5715,104464,2700,33513,5715,137977,California
Contra Costa,2021-02-06,3468,175070,2154,100531,1314,74539,0,0,2817,106632,650,34163,2818,140795,California
Contra Costa,2021-02-07,980,176050,709,101240,271,74810,0,0,604,106861,375,34538,604,141399,California
Contra Costa,2021-02-08,5806,181856,3438,104678,2368,77178,0,0,4331,109723,1470,36008,4332,145731,California
Contra Costa,2021-02-09,8645,190501,4764,109442,3881,81059,0,0,5760,112604,2880,38888,5761,151492,California
Contra Costa,2021-02-10,8629,199130,4645,114087,3984,85043,0,0,5406,114806,3208,42096,5410,156902,California
Contra Costa,2021-02-11,9297,208427,4206,118293,5091,90134,0,0,5274,116067,4017,46113,5278,162180,California
Contra Costa,2021-02-12,10063,218490,4607,122900,5456,95590,0,0,5455,116924,4601,50714,5458,167638,California
Contra Costa,2021-02-13,4873,223363,1363,124263,3510,99100,0,0,3405,118865,1465,52179,3406,171044,California
Contra Costa,2021-02-14,2088,225451,864,125127,1224,100324,0,0,1226,119230,861,53040,1226,172270,California
Contra Costa,2021-02-15,4440,229891,2461,127588,1979,102303,0,0,2350,119498,2083,55123,2351,174621,California
Contra Costa,2021-02-16,10411,240302,4905,132493,5506,107809,0,0,4638,118373,5766,60889,4641,179262,California
Contra Costa,2021-02-17,12271,252573,6125,138618,6146,113955,0,0,5623,117364,6633,67522,5624,184886,California
Contra Costa,2021-02-18,11457,264030,5956,144574,5501,119456,0,0,5319,116558,6127,73649,5321,190207,California
Contra Costa,2021-02-19,11396,275426,7103,151677,4293,123749,0,0,5171,115520,6210,79859,5172,195379,California
Contra Costa,2021-02-20,6441,281867,2887,154564,3554,127303,0,0,4566,118229,1859,81718,4568,199947,California
Contra Costa,2021-02-21,1795,283662,1249,155813,546,127849,0,0,1082,118599,712,82430,1082,201029,California
Contra Costa,2021-02-22,7530,291192,5097,160910,2433,130282,0,0,3460,118002,4059,86489,3462,204491,California
Contra Costa,2021-02-23,11891,303083,7247,168157,4644,134926,0,0,5918,117965,5959,92448,5922,210413,California
Contra Costa,2021-02-24,10463,313546,7669,175826,2794,137720,0,0,5040,117600,5407,97855,5042,215455,California
Contra Costa,2021-02-25,11454,325000,7207,183033,4247,141967,0,0,5198,116566,6236,104091,5202,220657,California
Contra Costa,2021-02-26,10690,335690,6738,189771,3952,145919,0,0,5297,116486,5378,109469,5298,225955,California
Contra Costa,2021-02-27,6615,342305,4205,193976,2410,148329,0,0,4105,118088,2504,111973,4106,230061,California
Contra Costa,2021-02-28,3786,346091,3117,197093,669,148998,0,0,3190,120686,593,112566,3191,233252,California
Contra Costa,2021-03-01,8087,354178,6076,203169,2008,151006,3,3,4964,122546,3109,115675,4969,238221,California
Contra Costa,2021-03-02,10124,364302,6308,209477,3815,154821,1,4,5248,122934,4861,120536,5249,243470,California
Contra Costa,2021-03-03,11131,375433,6959,216436,4171,158992,1,5,6219,124257,4898,125434,6221,249691,California
Contra Costa,2021-03-04,11854,387287,7070,223506,4784,163776,0,5,6131,124684,5704,131138,6131,255822,California
Contra Costa,2021-03-05,11221,398508,6668,230174,4548,168324,5,10,6389,126261,4817,135955,6394,262216,California
Contra Costa,2021-03-06,7289,405797,4003,234177,2977,171301,309,319,4709,128709,2568,138523,5016,267232,California
Contra Costa,2021-03-07,3620,409417,2269,236446,1291,172592,60,379,2947,131044,672,139195,3007,270239,California
Contra Costa,2021-03-08,8042,417459,3755,240201,3984,176576,303,682,5361,134042,2670,141865,5668,275907,California
Contra Costa,2021-03-09,10177,427636,4996,245197,4888,181464,293,975,5024,134214,5146,147011,5318,281225,California
Contra Costa,2021-03-10,12107,439743,5952,251149,4661,186125,1494,2469,5462,134525,6637,153648,6948,288173,California
Contra Costa,2021-03-11,12457,452200,6565,257714,5333,191458,559,3028,6358,135367,6078,159726,6920,295093,California
Contra Costa,2021-03-12,12518,464718,5137,262851,6840,198298,541,3569,6254,135913,6248,165974,6794,301887,California
Contra Costa,2021-03-13,7751,472469,3067,265918,4260,202558,424,3993,3071,134739,4663,170637,3489,305376,California
Contra Costa,2021-03-14,4343,476812,2541,268459,1318,203876,484,4477,2075,135035,2262,172899,2558,307934,California
Contra Costa,2021-03-15,9376,486188,5057,273516,3566,207442,753,5230,4755,135938,4605,177504,5508,313442,California
Contra Costa,2021-03-16,14245,500433,8458,281974,5392,212834,395,5625,7265,136638,6960,184464,7660,321102,California
Contra Costa,2021-03-17,14967,515400,10332,292306,4424,217258,211,5836,8566,139041,6379,190843,8782,329884,California
Contra Costa,2021-03-18,15355,530755,8528,300834,6347,223605,480,6316,8786,141763,6542,197385,9264,339148,California
Contra Costa,2021-03-19,15482,546237,8882,309716,5212,228817,1388,7704,8301,144287,7169,204554,9693,348841,California
Contra Costa,2021-03-20,10606,556843,6327,316043,3974,232791,305,8009,5233,144467,5357,209911,5537,354378,California
Contra Costa,2021-03-21,4431,561274,3881,319924,463,233254,87,8096,2082,144291,2344,212255,2168,356546,California
Contra Costa,2021-03-22,11514,572788,8678,328602,2587,235841,249,8345,7083,147203,4419,216674,7331,363877,California
Contra Costa,2021-03-23,15565,588353,10722,339324,4673,240514,170,8515,9490,150817,6049,222723,9663,373540,California
Contra Costa,2021-03-24,14947,603300,11674,350998,3061,243575,212,8727,9197,154508,5719,228442,9410,382950,California
Contra Costa,2021-03-25,15224,618524,11861,362859,3078,246653,285,9012,9408,158418,5781,234223,9691,392641,California
Contra Costa,2021-03-26,14915,633439,10689,373548,3832,250485,394,9406,8804,161523,6090,240313,9195,401836,California
Contra Costa,2021-03-27,10412,643851,6738,380286,3164,253649,510,9916,5771,163164,4633,244946,6274,408110,California
Contra Costa,2021-03-28,4121,647972,2917,383203,1151,254800,53,9969,1768,162642,2343,247289,1821,409931,California
Contra Costa,2021-03-29,10817,658789,8443,391646,2259,257059,115,10084,7083,166121,3720,251009,7199,417130,California
Contra Costa,2021-03-30,16716,675505,9106,400752,6258,263317,1352,11436,11052,172871,5648,256657,12398,429528,California
Contra Costa,2021-03-31,17928,693433,12554,413306,3935,267252,1439,12875,11544,179503,6352,263009,12984,442512,California
Contra Costa,2021-04-01,17420,710853,12207,425513,3851,271103,1362,14237,11356,186178,6042,269051,12717,455229,California
Contra Costa,2021-04-02,17387,728240,12840,438353,3540,274643,1007,15244,11567,192942,5809,274860,12573,467802,California
Contra Costa,2021-04-03,10784,739024,6433,444786,2816,277459,1535,16779,6196,196098,4575,279435,7731,475533,California
Contra Costa,2021-04-04,3318,742342,1313,446099,1415,278874,590,17369,898,195171,2415,281850,1488,477021,California
Contra Costa,2021-04-05,12050,754392,7879,453978,3207,282081,964,18333,6609,197311,5432,287282,7572,484593,California
Contra Costa,2021-04-06,17255,771647,11986,465964,2996,285077,2273,20606,9758,201863,7479,294761,12031,496624,California
Contra Costa,2021-04-07,18439,790086,12498,478462,3151,288228,2790,23396,10486,207245,7934,302695,13316,509940,California
Contra Costa,2021-04-08,18627,808713,12447,490909,3279,291507,2901,26297,10041,211613,8562,311257,12930,522870,California
Contra Costa,2021-04-09,18671,827384,11957,502866,4242,295749,2472,28769,10012,215461,8635,319892,12483,535353,California
Contra Costa,2021-04-10,10495,837879,3810,506676,2144,297893,4541,33310,3291,216092,7192,327084,7823,543176,California
Contra Costa,2021-04-11,3321,841200,1989,508665,681,298574,651,33961,1130,215689,2186,329270,1783,544959,California
Contra Costa,2021-04-12,11848,853048,7854,516519,2964,301538,1030,34991,5607,216103,6228,335498,6642,551601,California
Contra Costa,2021-04-13,17796,870844,10885,527404,6906,308444,5,34996,11901,222139,5875,341373,11911,563512,California
Contra Costa,2021-04-14,17497,888341,10971,538375,6526,314970,0,34996,9700,224067,7775,349148,9703,573215,California
Contra Costa,2021-04-15,17382,905723,10655,549030,6726,321696,1,34997,8072,222877,9281,358429,8091,581306,California
Contra Costa,2021-04-16,16842,922565,10519,559549,6322,328018,1,34998,7609,221283,9209,367638,7615,588921,California
Contra Costa,2021-04-17,11354,933919,6238,565787,5116,333134,0,34998,6106,222160,5234,372872,6111,595032,California
Contra Costa,2021-04-18,2728,936647,2109,567896,619,333753,0,34998,1779,222997,942,373814,1779,596811,California
Contra Costa,2021-04-19,11308,947955,8462,576358,2846,336599,0,34998,3543,218800,7742,381556,3545,600356,California
Contra Costa,2021-04-20,16590,964545,10768,587126,5822,342421,0,34998,6252,214744,10312,391868,6256,606612,California
Contra Costa,2021-04-21,17288,981833,14108,601234,3180,345601,0,34998,6167,209831,11089,402957,6176,612788,California
Contra Costa,2021-04-22,16949,998782,13714,614948,3234,348835,1,34999,5923,204773,10996,413953,5938,618726,California
Contra Costa,2021-04-23,15858,1014640,12615,627563,3243,352078,0,34999,4894,198747,10928,424881,4902,623628,California
Contra Costa,2021-04-24,9094,1023734,7143,634706,1951,354029,0,34999,3213,196098,5864,430745,3215,626843,California
Contra Costa,2021-04-25,2387,1026121,1608,636314,777,354806,2,35001,1502,196723,882,431627,1507,628350,California
Contra Costa,2021-04-26,8228,1034349,6921,643235,1287,356093,20,35021,2506,193555,5704,437331,2536,630886,California
Contra Costa,2021-04-27,10223,1044572,7937,651172,2225,358318,61,35082,2562,188540,7643,444974,2628,633514,California
Del Norte,2020-12-21,23,23,23,23,0,0,0,0,23,23,0,0,23,23,California
Del Norte,2020-12-22,46,69,46,69,0,0,0,0,46,69,0,0,46,69,California
Del Norte,2020-12-23,58,127,48,117,10,10,0,0,57,126,0,0,57,126,California
Del Norte,2020-12-28,34,161,34,151,0,10,0,0,34,160,0,0,34,160,California
Del Norte,2020-12-29,4,165,4,155,0,10,0,0,4,164,0,0,4,164,California
Del Norte,2020-12-30,67,232,55,210,12,22,0,0,68,232,0,0,68,232,California
Del Norte,2020-12-31,16,248,13,223,3,25,0,0,16,248,0,0,16,248,California
Del Norte,2021-01-04,102,350,49,272,53,78,0,0,102,350,0,0,102,350,California
Del Norte,2021-01-05,32,382,0,272,32,110,0,0,32,382,0,0,32,382,California
Del Norte,2021-01-06,77,459,18,290,59,169,0,0,77,459,0,0,77,459,California
Del Norte,2021-01-07,21,480,1,291,20,189,0,0,21,480,0,0,21,480,California
Del Norte,2021-01-08,77,557,7,298,70,259,0,0,77,557,0,0,77,557,California
Del Norte,2021-01-11,40,597,21,319,19,278,0,0,18,554,22,22,19,576,California
Del Norte,2021-01-12,51,648,32,351,19,297,0,0,30,563,21,43,30,606,California
Del Norte,2021-01-13,85,733,40,391,45,342,0,0,52,582,33,76,52,658,California
Del Norte,2021-01-14,52,785,14,405,38,380,0,0,46,622,6,82,46,704,California
Del Norte,2021-01-15,107,892,18,423,89,469,0,0,95,705,12,94,95,799,California
Del Norte,2021-01-17,1,893,1,424,0,469,0,0,1,706,0,94,1,800,California
Del Norte,2021-01-18,2,895,0,424,2,471,0,0,2,708,0,94,2,802,California
Del Norte,2021-01-19,119,1014,56,480,63,534,0,0,77,743,42,136,77,879,California
Del Norte,2021-01-20,158,1172,84,564,74,608,0,0,96,777,62,198,96,975,California
Del Norte,2021-01-21,43,1215,40,604,3,611,0,0,32,798,11,209,32,1007,California
Del Norte,2021-01-22,19,1234,16,620,3,614,0,0,12,803,7,216,12,1019,California
Del Norte,2021-01-23,1,1235,0,620,1,615,0,0,1,804,0,216,1,1020,California
Del Norte,2021-01-24,1,1236,0,620,1,616,0,0,1,805,0,216,1,1021,California
Del Norte,2021-01-25,100,1336,82,702,18,634,0,0,56,817,44,260,56,1077,California
Del Norte,2021-01-26,18,1354,11,713,7,641,0,0,7,813,11,271,7,1084,California
Del Norte,2021-01-27,64,1418,21,734,43,684,0,0,61,871,3,274,61,1145,California
Del Norte,2021-01-28,291,1709,20,754,271,955,0,0,286,1152,5,279,286,1431,California
Del Norte,2021-01-29,54,1763,21,775,33,988,0,0,44,1186,10,289,44,1475,California
Del Norte,2021-01-30,8,1771,1,776,7,995,0,0,8,1194,0,289,8,1483,California
Del Norte,2021-02-01,41,1812,1,777,40,1035,0,0,26,1205,15,304,26,1509,California
Del Norte,2021-02-02,142,1954,34,811,108,1143,0,0,73,1210,68,372,73,1582,California
Del Norte,2021-02-03,126,2080,40,851,86,1229,0,0,71,1226,55,427,71,1653,California
Del Norte,2021-02-04,71,2151,29,880,42,1271,0,0,42,1239,29,456,42,1695,California
Del Norte,2021-02-05,183,2334,22,902,161,1432,0,0,120,1297,62,518,120,1815,California
Del Norte,2021-02-06,312,2646,6,908,306,1738,0,0,312,1609,0,518,312,2127,California
Del Norte,2021-02-07,2,2648,1,909,1,1739,0,0,2,1611,0,518,2,2129,California
Del Norte,2021-02-08,36,2684,1,910,35,1774,0,0,32,1639,4,522,32,2161,California
Del Norte,2021-02-09,8,2692,5,915,3,1777,0,0,2,1635,6,528,2,2163,California
Del Norte,2021-02-10,143,2835,20,935,123,1900,0,0,86,1665,56,584,86,2249,California
Del Norte,2021-02-11,175,3010,58,993,117,2017,0,0,63,1616,112,696,63,2312,California
Del Norte,2021-02-12,121,3131,14,1007,107,2124,0,0,67,1629,54,750,67,2379,California
Del Norte,2021-02-13,2,3133,1,1008,1,2125,0,0,2,1631,0,750,2,2381,California
Del Norte,2021-02-14,3,3136,1,1009,2,2127,0,0,2,1632,1,751,2,2383,California
Del Norte,2021-02-15,4,3140,0,1009,4,2131,0,0,2,1632,2,753,2,2385,California
Del Norte,2021-02-16,132,3272,1,1010,131,2262,0,0,13,1526,119,872,13,2398,California
Del Norte,2021-02-17,91,3363,20,1030,71,2333,0,0,24,1483,67,939,24,2422,California
Del Norte,2021-02-18,77,3440,24,1054,53,2386,0,0,51,1508,26,965,51,2473,California
Del Norte,2021-02-19,43,3483,17,1071,26,2412,0,0,33,1531,10,975,33,2506,California
Del Norte,2021-02-20,8,3491,5,1076,3,2415,0,0,6,1535,2,977,6,2512,California
Del Norte,2021-02-22,2,3493,0,1076,2,2417,0,0,2,1537,0,977,2,2514,California
Del Norte,2021-02-23,106,3599,88,1164,18,2435,0,0,31,1493,75,1052,31,2545,California
Del Norte,2021-02-24,152,3751,98,1262,54,2489,0,0,79,1499,73,1125,79,2624,California
Del Norte,2021-02-25,475,4226,131,1393,344,2833,0,0,212,1450,261,1386,212,2836,California
Del Norte,2021-02-26,212,4438,176,1569,36,2869,0,0,166,1570,46,1432,166,3002,California
Del Norte,2021-02-27,152,4590,145,1714,6,2875,1,1,141,1701,11,1443,142,3144,California
Del Norte,2021-02-28,4,4594,1,1715,3,2878,0,1,3,1703,1,1444,3,3147,California
Del Norte,2021-03-01,28,4622,2,1717,26,2904,0,1,4,1683,24,1468,4,3151,California
Del Norte,2021-03-02,220,4842,140,1857,80,2984,0,1,187,1837,33,1501,187,3338,California
Del Norte,2021-03-03,164,5006,96,1953,68,3052,0,1,123,1919,41,1542,123,3461,California
Del Norte,2021-03-04,120,5126,83,2036,37,3089,0,1,91,1982,28,1570,91,3552,California
Del Norte,2021-03-05,108,5234,9,2045,99,3188,0,1,60,1994,48,1618,60,3612,California
Del Norte,2021-03-06,466,5700,78,2123,338,3526,50,51,164,1863,302,1920,171,3783,California
Del Norte,2021-03-07,2,5702,1,2124,1,3527,0,51,1,1863,1,1921,1,3784,California
Del Norte,2021-03-08,28,5730,1,2125,25,3552,2,53,5,1847,23,1944,7,3791,California
Del Norte,2021-03-09,194,5924,112,2237,79,3631,3,56,183,2022,11,1955,186,3977,California
Del Norte,2021-03-10,226,6150,97,2334,101,3732,28,84,134,2092,92,2047,162,4139,California
Del Norte,2021-03-11,152,6302,55,2389,92,3824,5,89,104,2153,48,2095,109,4248,California
Del Norte,2021-03-12,177,6479,89,2478,88,3912,0,89,124,2224,53,2148,124,4372,California
Del Norte,2021-03-13,94,6573,93,2571,1,3913,0,89,91,2312,3,2151,91,4463,California
Del Norte,2021-03-14,1,6574,0,2571,1,3914,0,89,1,2312,1,2152,1,4464,California
Del Norte,2021-03-15,38,6612,0,2571,38,3952,0,89,34,2342,4,2156,34,4498,California
Del Norte,2021-03-16,280,6892,136,2707,144,4096,0,89,259,2580,21,2177,259,4757,California
Del Norte,2021-03-17,282,7174,95,2802,185,4281,2,91,168,2636,114,2291,170,4927,California
Del Norte,2021-03-18,285,7459,107,2909,175,4456,3,94,149,2653,135,2426,152,5079,California
Del Norte,2021-03-19,266,7725,159,3068,101,4557,6,100,91,2575,175,2601,97,5176,California
Del Norte,2021-03-20,158,7883,155,3223,3,4560,0,100,16,2449,142,2743,16,5192,California
Del Norte,2021-03-21,4,7887,2,3225,2,4562,0,100,2,2449,2,2745,2,5194,California
Del Norte,2021-03-22,42,7929,3,3228,38,4600,1,101,39,2486,3,2748,40,5234,California
Del Norte,2021-03-23,333,8262,163,3391,152,4752,18,119,164,2500,167,2915,181,5415,California
Del Norte,2021-03-24,395,8657,107,3498,247,4999,41,160,237,2620,158,3073,278,5693,California
Del Norte,2021-03-25,194,8851,90,3588,104,5103,0,160,86,2599,107,3180,86,5779,California
Del Norte,2021-03-26,230,9081,111,3699,119,5222,0,160,196,2761,34,3214,196,5975,California
Del Norte,2021-03-27,108,9189,87,3786,4,5226,17,177,17,2704,91,3305,34,6009,California
Del Norte,2021-03-28,4,9193,2,3788,2,5228,0,177,1,2702,3,3308,1,6010,California
Del Norte,2021-03-29,57,9250,6,3794,34,5262,17,194,32,2726,25,3333,49,6059,California
Del Norte,2021-03-30,336,9586,118,3912,207,5469,11,205,124,2649,212,3545,135,6194,California
Del Norte,2021-03-31,346,9932,100,4012,229,5698,17,222,190,2702,154,3699,207,6401,California
Del Norte,2021-04-01,166,10098,60,4072,72,5770,34,256,71,2713,94,3793,105,6506,California
Del Norte,2021-04-02,232,10330,79,4151,104,5874,49,305,59,2649,173,3966,109,6615,California
Del Norte,2021-04-03,103,10433,82,4233,2,5876,19,324,4,2574,98,4064,23,6638,California
Del Norte,2021-04-04,4,10437,0,4233,0,5876,4,328,0,2574,4,4068,4,6642,California
Del Norte,2021-04-05,53,10490,5,4238,44,5920,4,332,46,2617,7,4075,50,6692,California
Del Norte,2021-04-06,378,10868,119,4357,222,6142,37,369,145,2571,229,4304,183,6875,California
Del Norte,2021-04-07,425,11293,115,4472,251,6393,59,428,281,2768,143,4447,340,7215,California
Del Norte,2021-04-08,233,11526,54,4526,111,6504,68,496,111,2825,122,4569,179,7394,California
Del Norte,2021-04-09,201,11727,47,4573,80,6584,74,570,97,2891,103,4672,169,7563,California
Del Norte,2021-04-10,48,11775,27,4600,4,6588,17,587,27,2914,21,4693,44,7607,California
Del Norte,2021-04-11,12,11787,3,4603,2,6590,7,594,2,2913,10,4703,9,7616,California
Del Norte,2021-04-12,28,11815,1,4604,9,6599,18,612,1,2906,26,4729,19,7635,California
Del Norte,2021-04-13,296,12111,49,4653,247,6846,0,612,155,2920,141,4870,155,7790,California
Del Norte,2021-04-14,325,12436,23,4676,302,7148,0,612,136,2872,189,5059,141,7931,California
Del Norte,2021-04-15,163,12599,30,4706,133,7281,0,612,44,2798,119,5178,45,7976,California
Del Norte,2021-04-16,161,12760,40,4746,121,7402,0,612,59,2757,102,5280,61,8037,California
Del Norte,2021-04-17,100,12860,69,4815,31,7433,0,612,95,2847,5,5285,95,8132,California
Del Norte,2021-04-18,4,12864,3,4818,1,7434,0,612,3,2849,1,5286,3,8135,California
Del Norte,2021-04-19,50,12914,6,4824,44,7478,0,612,8,2815,42,5328,8,8143,California
Del Norte,2021-04-20,208,13122,40,4864,168,7646,0,612,74,2755,134,5462,74,8217,California
Del Norte,2021-04-21,290,13412,24,4888,266,7912,0,612,66,2601,223,5685,69,8286,California
Del Norte,2021-04-22,117,13529,18,4906,99,8011,0,612,63,2610,54,5739,63,8349,California
Del Norte,2021-04-23,154,13683,21,4927,133,8144,0,612,41,2538,113,5852,41,8390,California
Del Norte,2021-04-24,15,13698,9,4936,6,8150,0,612,11,2545,4,5856,11,8401,California
Del Norte,2021-04-25,2,13700,0,4936,2,8152,0,612,2,2547,0,5856,2,8403,California
Del Norte,2021-04-26,29,13729,1,4937,28,8180,0,612,7,2532,22,5878,7,8410,California
Del Norte,2021-04-27,96,13825,4,4941,90,8270,2,614,27,2492,69,5947,29,8439,California
El Dorado,2020-12-15,12,12,12,12,0,0,0,0,12,12,0,0,12,12,California
El Dorado,2020-12-16,40,52,40,52,0,0,0,0,40,52,0,0,40,52,California
El Dorado,2020-12-17,30,82,30,82,0,0,0,0,30,82,0,0,30,82,California
El Dorado,2020-12-18,236,318,236,318,0,0,0,0,236,318,0,0,236,318,California
El Dorado,2020-12-19,116,434,116,434,0,0,0,0,116,434,0,0,116,434,California
El Dorado,2020-12-20,85,519,85,519,0,0,0,0,85,519,0,0,85,519,California
El Dorado,2020-12-21,308,827,307,826,1,1,0,0,308,827,0,0,308,827,California
El Dorado,2020-12-22,238,1065,214,1040,24,25,0,0,238,1065,0,0,238,1065,California
El Dorado,2020-12-23,189,1254,139,1179,50,75,0,0,189,1254,0,0,189,1254,California
El Dorado,2020-12-24,87,1341,66,1245,21,96,0,0,87,1341,0,0,87,1341,California
El Dorado,2020-12-25,8,1349,8,1253,0,96,0,0,8,1349,0,0,8,1349,California
El Dorado,2020-12-26,44,1393,26,1279,18,114,0,0,44,1393,0,0,44,1393,California
El Dorado,2020-12-27,37,1430,33,1312,4,118,0,0,37,1430,0,0,37,1430,California
El Dorado,2020-12-28,216,1646,169,1481,47,165,0,0,216,1646,0,0,216,1646,California
El Dorado,2020-12-29,456,2102,140,1621,316,481,0,0,456,2102,0,0,456,2102,California
El Dorado,2020-12-30,504,2606,136,1757,368,849,0,0,504,2606,0,0,504,2606,California
El Dorado,2020-12-31,109,2715,69,1826,40,889,0,0,109,2715,0,0,109,2715,California
El Dorado,2021-01-01,7,2722,4,1830,3,892,0,0,7,2722,0,0,7,2722,California
El Dorado,2021-01-02,151,2873,140,1970,11,903,0,0,151,2873,0,0,151,2873,California
El Dorado,2021-01-03,92,2965,17,1987,75,978,0,0,92,2965,0,0,92,2965,California
El Dorado,2021-01-04,189,3154,62,2049,127,1105,0,0,189,3154,0,0,189,3154,California
El Dorado,2021-01-05,205,3359,50,2099,155,1260,0,0,189,3327,16,16,189,3343,California
El Dorado,2021-01-06,262,3621,189,2288,73,1333,0,0,198,3461,64,80,198,3541,California
El Dorado,2021-01-07,328,3949,135,2423,193,1526,0,0,258,3649,70,150,258,3799,California
El Dorado,2021-01-08,975,4924,500,2923,475,2001,0,0,772,4219,203,353,773,4572,California
El Dorado,2021-01-09,193,5117,157,3080,36,2037,0,0,125,4276,68,421,125,4697,California
El Dorado,2021-01-10,180,5297,129,3209,51,2088,0,0,111,4318,69,490,111,4808,California
El Dorado,2021-01-11,659,5956,293,3502,366,2454,0,0,460,4580,198,688,460,5268,California
El Dorado,2021-01-12,692,6648,421,3923,271,2725,0,0,444,4776,248,936,444,5712,California
El Dorado,2021-01-13,698,7346,295,4218,403,3128,0,0,538,5154,160,1096,538,6250,California
El Dorado,2021-01-14,689,8035,219,4437,470,3598,0,0,594,5653,95,1191,594,6844,California
El Dorado,2021-01-15,679,8714,185,4622,494,4092,0,0,607,6188,72,1263,607,7451,California
El Dorado,2021-01-16,171,8885,103,4725,68,4160,0,0,144,6305,27,1290,144,7595,California
El Dorado,2021-01-17,99,8984,47,4772,52,4212,0,0,82,6370,17,1307,82,7677,California
El Dorado,2021-01-18,417,9401,138,4910,279,4491,0,0,349,6651,68,1375,349,8026,California
El Dorado,2021-01-19,648,10049,352,5262,296,4787,0,0,499,7002,149,1524,500,8526,California
El Dorado,2021-01-20,1009,11058,686,5948,323,5110,0,0,897,7788,111,1635,897,9423,California
El Dorado,2021-01-21,1154,12212,571,6519,583,5693,0,0,948,8571,165,1800,948,10371,California
El Dorado,2021-01-22,1098,13310,706,7225,392,6085,0,0,1045,9564,52,1852,1045,11416,California
El Dorado,2021-01-23,736,14046,617,7842,119,6204,0,0,625,10078,111,1963,625,12041,California
El Dorado,2021-01-24,126,14172,76,7918,50,6254,0,0,107,10166,19,1982,107,12148,California
El Dorado,2021-01-25,610,14782,204,8122,406,6660,0,0,522,10600,88,2070,522,12670,California
El Dorado,2021-01-26,673,15455,363,8485,310,6970,0,0,569,11066,104,2174,570,13240,California
El Dorado,2021-01-27,927,16382,329,8814,598,7568,0,0,591,11320,337,2511,591,13831,California
El Dorado,2021-01-28,1103,17485,452,9266,651,8219,0,0,743,11704,360,2871,744,14575,California
El Dorado,2021-01-29,973,18458,488,9754,485,8704,0,0,744,12221,228,3099,745,15320,California
El Dorado,2021-01-30,611,19069,359,10113,252,8956,0,0,450,12510,161,3260,450,15770,California
El Dorado,2021-01-31,209,19278,188,10301,21,8977,0,0,180,12661,29,3289,180,15950,California
El Dorado,2021-02-01,799,20077,368,10669,431,9408,0,0,655,13173,143,3432,655,16605,California
El Dorado,2021-02-02,838,20915,367,11036,471,9879,0,0,677,13689,161,3593,677,17282,California
El Dorado,2021-02-03,898,21813,475,11511,423,10302,0,0,686,14163,212,3805,686,17968,California
El Dorado,2021-02-04,1267,23080,724,12235,543,10845,0,0,872,14640,395,4200,872,18840,California
El Dorado,2021-02-05,1480,24560,596,12831,884,11729,0,0,865,14925,580,4780,865,19705,California
El Dorado,2021-02-06,638,25198,333,13164,305,12034,0,0,530,15348,108,4888,531,20236,California
El Dorado,2021-02-07,256,25454,176,13340,80,12114,0,0,192,15476,64,4952,192,20428,California
El Dorado,2021-02-08,878,26332,417,13757,461,12575,0,0,605,15808,273,5225,605,21033,California
El Dorado,2021-02-09,909,27241,487,14244,422,12997,0,0,487,15873,422,5647,487,21520,California
El Dorado,2021-02-10,1247,28488,730,14974,517,13514,0,0,656,15939,590,6237,656,22176,California
El Dorado,2021-02-11,2145,30633,890,15864,1255,14769,0,0,963,15722,1181,7418,964,23140,California
El Dorado,2021-02-12,1564,32197,822,16686,742,15511,0,0,678,15515,886,8304,679,23819,California
El Dorado,2021-02-13,977,33174,669,17355,308,15819,0,0,433,15407,541,8845,433,24252,California
El Dorado,2021-02-14,481,33655,153,17508,328,16147,0,0,398,15722,83,8928,398,24650,California
El Dorado,2021-02-15,1179,34834,387,17895,792,16939,0,0,826,16198,353,9281,829,25479,California
El Dorado,2021-02-16,1192,36026,529,18424,663,17602,0,0,676,16360,515,9796,677,26156,California
El Dorado,2021-02-17,898,36924,373,18797,525,18127,0,0,419,16302,479,10275,421,26577,California
El Dorado,2021-02-18,2084,39008,1012,19809,1072,19199,0,0,1353,16925,730,11005,1353,27930,California
El Dorado,2021-02-19,1164,40172,602,20411,562,19761,0,0,646,17054,518,11523,647,28577,California
El Dorado,2021-02-20,915,41087,435,20846,480,20241,0,0,667,17479,242,11765,667,29244,California
El Dorado,2021-02-21,282,41369,225,21071,57,20298,0,0,99,17396,182,11947,99,29343,California
El Dorado,2021-02-22,869,42238,434,21505,435,20733,0,0,285,17098,583,12530,285,29628,California
El Dorado,2021-02-23,840,43078,471,21976,369,21102,0,0,350,16959,489,13019,350,29978,California
El Dorado,2021-02-24,1014,44092,439,22415,575,21677,0,0,421,16788,593,13612,422,30400,California
El Dorado,2021-02-25,1628,45720,885,23300,743,22420,0,0,722,16612,900,14512,724,31124,California
El Dorado,2021-02-26,2351,48071,1481,24781,870,23290,0,0,1587,17437,762,15274,1587,32711,California
El Dorado,2021-02-27,1658,49729,439,25220,1219,24509,0,0,1219,18220,436,15710,1219,33930,California
El Dorado,2021-02-28,572,50301,204,25424,368,24877,0,0,421,18491,151,15861,422,34352,California
El Dorado,2021-03-01,1133,51434,452,25876,681,25558,0,0,624,18607,508,16369,624,34976,California
El Dorado,2021-03-02,898,52332,266,26142,632,26190,0,0,460,18631,436,16805,460,35436,California
El Dorado,2021-03-03,1676,54008,461,26603,1215,27405,0,0,1149,19261,521,17326,1151,36587,California
El Dorado,2021-03-04,2493,56501,1535,28138,958,28363,0,0,1219,19209,1271,18597,1219,37806,California
El Dorado,2021-03-05,1573,58074,422,28560,1146,29509,5,5,1043,19732,525,19122,1048,38854,California
El Dorado,2021-03-06,736,58810,209,28769,493,30002,34,39,390,19810,346,19468,424,39278,California
El Dorado,2021-03-07,402,59212,197,28966,187,30189,18,57,239,19906,161,19629,257,39535,California
El Dorado,2021-03-08,1322,60534,364,29330,888,31077,70,127,855,20367,464,20093,925,40460,California
El Dorado,2021-03-09,968,61502,227,29557,674,31751,67,194,569,20620,383,20476,636,41096,California
El Dorado,2021-03-10,936,62438,342,29899,539,32290,55,249,540,20825,390,20866,595,41691,California
El Dorado,2021-03-11,2985,65423,1824,31723,979,33269,182,431,1360,20757,1609,22475,1541,43232,California
El Dorado,2021-03-12,1775,67198,619,32342,910,34179,246,677,740,20725,1018,23493,986,44218,California
El Dorado,2021-03-13,1060,68258,345,32687,432,34611,283,960,373,20695,684,24177,654,44872,California
El Dorado,2021-03-14,793,69051,207,32894,474,35085,112,1072,280,20574,513,24690,392,45264,California
El Dorado,2021-03-15,1396,70447,300,33194,970,36055,126,1198,607,20523,785,25475,734,45998,California
El Dorado,2021-03-16,1209,71656,406,33600,659,36714,144,1342,568,20600,635,26110,712,46710,California
El Dorado,2021-03-17,1080,72736,351,33951,635,37349,94,1436,697,21008,383,26493,791,47501,California
El Dorado,2021-03-18,2968,75704,1748,35699,1176,38525,44,1480,1980,22051,981,27474,2024,49525,California
El Dorado,2021-03-19,1100,76804,360,36059,596,39121,144,1624,625,22346,475,27949,770,50295,California
El Dorado,2021-03-20,937,77741,267,36326,653,39774,17,1641,359,22155,567,28516,376,50671,California
El Dorado,2021-03-21,1025,78766,418,36744,602,40376,5,1646,936,23008,88,28604,941,51612,California
El Dorado,2021-03-22,1499,80265,488,37232,929,41305,82,1728,1191,23978,303,28907,1273,52885,California
El Dorado,2021-03-23,1144,81409,449,37681,603,41908,92,1820,735,24408,397,29304,827,53712,California
El Dorado,2021-03-24,1453,82862,620,38301,637,42545,196,2016,660,24498,766,30070,856,54568,California
El Dorado,2021-03-25,2473,85335,1666,39967,704,43249,103,2119,1369,24872,1098,31168,1472,56040,California
El Dorado,2021-03-26,1805,87140,698,40665,998,44247,109,2228,951,25098,835,32003,1061,57101,California
El Dorado,2021-03-27,1312,88452,187,40852,1121,45368,4,2232,336,24468,970,32973,340,57441,California
El Dorado,2021-03-28,614,89066,181,41033,424,45792,9,2241,197,24260,414,33387,206,57647,California
El Dorado,2021-03-29,1308,90374,432,41465,861,46653,15,2256,821,24612,484,33871,836,58483,California
El Dorado,2021-03-30,1345,91719,409,41874,844,47497,92,2348,690,24743,650,34521,781,59264,California
El Dorado,2021-03-31,1549,93268,579,42453,908,48405,62,2410,703,24663,844,35365,764,60028,California
El Dorado,2021-04-01,3207,96475,1748,44201,1376,49781,83,2493,1519,24582,1685,37050,1604,61632,California
El Dorado,2021-04-02,1862,98337,554,44755,1213,50994,95,2588,739,24297,1119,38169,834,62466,California
El Dorado,2021-04-03,735,99072,284,45039,331,51325,120,2708,216,24115,517,38686,335,62801,California
El Dorado,2021-04-04,266,99338,84,45123,135,51460,47,2755,95,24087,170,38856,142,62943,California
El Dorado,2021-04-05,1415,100753,422,45545,900,52360,93,2848,592,23953,819,39675,685,63628,California
El Dorado,2021-04-06,1406,102159,517,46062,668,53028,221,3069,447,23663,957,40632,667,64295,California
El Dorado,2021-04-07,1559,103718,551,46613,564,53592,444,3513,553,23655,1003,41635,995,65290,California
El Dorado,2021-04-08,2666,106384,1722,48335,708,54300,236,3749,1115,23461,1544,43179,1350,66640,California
El Dorado,2021-04-09,1403,107787,440,48775,745,55045,218,3967,556,23389,844,44023,772,67412,California
El Dorado,2021-04-10,815,108602,219,48994,487,55532,109,4076,472,23629,341,44364,581,67993,California
El Dorado,2021-04-11,693,109295,451,49445,226,55758,16,4092,204,23360,489,44853,220,68213,California
El Dorado,2021-04-12,1280,110575,499,49944,635,56393,146,4238,562,23357,711,45564,708,68921,California
El Dorado,2021-04-13,1116,111691,609,50553,507,56900,0,4238,509,23263,603,46167,509,69430,California
El Dorado,2021-04-14,1063,112754,434,50987,628,57528,1,4239,359,22932,691,46858,360,69790,California
El Dorado,2021-04-15,2479,115233,1671,52658,808,58336,0,4239,963,22383,1513,48371,964,70754,California
El Dorado,2021-04-16,1449,116682,513,53171,936,59272,0,4239,608,22156,836,49207,609,71363,California
El Dorado,2021-04-17,745,117427,195,53366,550,59822,0,4239,477,22366,267,49474,477,71840,California
El Dorado,2021-04-18,962,118389,75,53441,887,60709,0,4239,396,22197,565,50039,396,72236,California
El Dorado,2021-04-19,1696,120085,434,53875,1262,61971,0,4239,687,21881,1003,51042,687,72923,California
El Dorado,2021-04-20,1098,121183,347,54222,751,62722,0,4239,454,21695,640,51682,454,73377,California
El Dorado,2021-04-21,1119,122302,454,54676,662,63384,3,4242,565,21713,548,52230,566,73943,California
El Dorado,2021-04-22,2423,124725,1630,56306,793,64177,0,4242,984,21259,1438,53668,984,74927,California
El Dorado,2021-04-23,1265,125990,437,56743,828,65005,0,4242,619,21235,643,54311,619,75546,California
El Dorado,2021-04-24,752,126742,405,57148,347,65352,0,4242,580,21645,170,54481,580,76126,California
El Dorado,2021-04-25,494,127236,350,57498,144,65496,0,4242,355,21861,139,54620,355,76481,California
El Dorado,2021-04-26,806,128042,374,57872,420,65916,12,4254,406,21880,399,55019,418,76899,California
El Dorado,2021-04-27,313,128355,178,58050,124,66040,11,4265,165,21911,145,55164,176,77075,California
Fresno,2020-12-15,2,2,2,2,0,0,0,0,2,2,0,0,2,2,California
Fresno,2020-12-16,121,123,121,123,0,0,0,0,121,123,0,0,121,123,California
Fresno,2020-12-17,120,243,120,243,0,0,0,0,120,243,0,0,120,243,California
Fresno,2020-12-18,344,587,344,587,0,0,0,0,344,587,0,0,344,587,California
Fresno,2020-12-19,157,744,157,744,0,0,0,0,157,744,0,0,157,744,California
Fresno,2020-12-20,257,1001,255,999,2,2,0,0,257,1001,0,0,257,1001,California
Fresno,2020-12-21,925,1926,924,1923,1,3,0,0,957,1958,0,0,957,1958,California
Fresno,2020-12-22,901,2827,872,2795,29,32,0,0,905,2863,0,0,905,2863,California
Fresno,2020-12-23,1087,3914,1047,3842,40,72,0,0,1088,3951,0,0,1088,3951,California
Fresno,2020-12-24,581,4495,562,4404,19,91,0,0,581,4532,0,0,581,4532,California
Fresno,2020-12-25,2,4497,1,4405,1,92,0,0,2,4534,0,0,2,4534,California
Fresno,2020-12-26,722,5219,713,5118,9,101,0,0,722,5256,0,0,722,5256,California
Fresno,2020-12-27,300,5519,204,5322,96,197,0,0,300,5556,0,0,300,5556,California
Fresno,2020-12-28,1061,6580,774,6096,287,484,0,0,1061,6617,0,0,1061,6617,California
Fresno,2020-12-29,1769,8349,1040,7136,729,1213,0,0,1767,8383,1,1,1767,8384,California
Fresno,2020-12-30,981,9330,478,7614,503,1716,0,0,981,9364,0,1,981,9365,California
Fresno,2020-12-31,895,10225,310,7924,585,2301,0,0,894,10258,0,1,894,10259,California
Fresno,2021-01-01,9,10234,3,7927,6,2307,0,0,9,10267,0,1,9,10268,California
Fresno,2021-01-02,1031,11265,717,8644,314,2621,0,0,1031,11298,0,1,1031,11299,California
Fresno,2021-01-03,153,11418,128,8772,25,2646,0,0,153,11451,0,1,153,11452,California
Fresno,2021-01-04,612,12030,374,9146,238,2884,0,0,612,12063,0,1,612,12064,California
Fresno,2021-01-05,777,12807,311,9457,466,3350,0,0,703,12692,74,75,703,12767,California
Fresno,2021-01-06,974,13781,346,9803,628,3978,0,0,802,13322,172,247,802,13569,California
Fresno,2021-01-07,1887,15668,916,10719,971,4949,0,0,1633,14704,254,501,1636,15205,California
Fresno,2021-01-08,1780,17448,614,11333,1166,6115,0,0,1416,15758,362,863,1416,16621,California
Fresno,2021-01-09,628,18076,386,11719,242,6357,0,0,354,15838,274,1137,354,16975,California
Fresno,2021-01-10,515,18591,485,12204,30,6387,0,0,202,15727,313,1450,202,17177,California
Fresno,2021-01-11,2159,20750,1752,13956,407,6794,0,0,1466,16503,693,2143,1469,18646,California
Fresno,2021-01-12,2524,23274,1827,15783,697,7491,0,0,1677,17333,849,2992,1679,20325,California
Fresno,2021-01-13,3535,26809,2422,18205,1113,8604,0,0,2679,19158,856,3848,2681,23006,California
Fresno,2021-01-14,4147,30956,2198,20403,1949,10553,0,0,3677,22366,469,4317,3677,26683,California
Fresno,2021-01-15,3643,34599,2531,22934,1112,11665,0,0,3285,25297,358,4675,3289,29972,California
Fresno,2021-01-16,3150,37749,2308,25242,842,12507,0,0,2686,27521,463,5138,2687,32659,California
Fresno,2021-01-17,977,38726,555,25797,422,12929,0,0,779,28102,198,5336,779,33438,California
Fresno,2021-01-18,3072,41798,2367,28164,705,13634,0,0,2408,29850,662,5998,2410,35848,California
Fresno,2021-01-19,4324,46122,2540,30704,1784,15418,0,0,3676,32881,648,6646,3679,39527,California
Fresno,2021-01-20,2995,49117,1187,31891,1808,17226,0,0,2694,35276,302,6948,2697,42224,California
Fresno,2021-01-21,4348,53465,1999,33890,2349,19575,0,0,4001,38953,329,7277,4006,46230,California
Fresno,2021-01-22,3310,56775,1346,35236,1964,21539,0,0,2921,41503,372,7649,2922,49152,California
Fresno,2021-01-23,3043,59818,1969,37205,1074,22613,0,0,2320,43108,722,8371,2327,51479,California
Fresno,2021-01-24,552,60370,372,37577,180,22793,0,0,347,43253,205,8576,350,51829,California
Fresno,2021-01-25,2341,62711,864,38441,1477,24270,0,0,1854,44624,487,9063,1858,53687,California
Fresno,2021-01-26,2019,64730,584,39025,1435,25705,0,0,1316,45240,701,9764,1317,55004,California
Fresno,2021-01-27,2256,66986,1164,40189,1092,26797,0,0,1736,46460,519,10283,1739,56743,California
Fresno,2021-01-28,4488,71474,3053,43242,1435,28232,0,0,3471,48921,1013,11296,3474,60217,California
Fresno,2021-01-29,1701,73175,985,44227,716,28948,0,0,1404,50032,294,11590,1405,61622,California
Fresno,2021-01-30,1449,74624,550,44777,899,29847,0,0,1033,50650,416,12006,1034,62656,California
Fresno,2021-01-31,225,74849,216,44993,9,29856,0,0,71,50567,154,12160,71,62727,California
Fresno,2021-02-01,3329,78178,1664,46657,1665,31521,0,0,1816,50889,1512,13672,1834,64561,California
Fresno,2021-02-02,2716,80894,552,47209,2164,33685,0,0,1586,51375,1116,14788,1602,66163,California
Fresno,2021-02-03,3532,84426,2095,49304,1437,35122,0,0,1517,50892,2001,16789,1518,67681,California
Fresno,2021-02-04,4194,88620,1895,51199,2299,37421,0,0,1929,50591,2235,19024,1934,69615,California
Fresno,2021-02-05,5323,93943,2723,53922,2600,40021,0,0,2305,49885,3013,22037,2307,71922,California
Fresno,2021-02-06,2934,96877,2046,55968,888,40909,0,0,975,48906,1956,23993,977,72899,California
Fresno,2021-02-07,465,97342,286,56254,179,41088,0,0,271,48984,193,24186,271,73170,California
Fresno,2021-02-08,4273,101615,2293,58547,1980,43068,0,0,1810,48364,2439,26625,1819,74989,California
Fresno,2021-02-09,5329,106944,2082,60629,3247,46315,0,0,3119,49356,2135,28760,3127,78116,California
Fresno,2021-02-10,3877,110821,1235,61864,2642,48957,0,0,1985,49515,1837,30597,1996,80112,California
Fresno,2021-02-11,6442,117263,2089,63953,4353,53310,0,0,3380,49853,3047,33644,3385,83497,California
Fresno,2021-02-12,5374,122637,1383,65336,3991,57301,0,0,2742,49988,2613,36257,2748,86245,California
Fresno,2021-02-13,3731,126368,1547,66883,2184,59485,0,0,2080,50434,1640,37897,2086,88331,California
Fresno,2021-02-14,1561,127929,281,67164,1280,60765,0,0,848,50572,712,38609,850,89181,California
Fresno,2021-02-15,2887,130816,271,67435,2616,63381,0,0,1783,51259,1100,39709,1787,90968,California
Fresno,2021-02-16,6679,137495,2401,69836,4278,67659,0,0,4246,53095,2416,42125,4252,95220,California
Fresno,2021-02-17,5335,142830,2456,72292,2879,70538,0,0,2986,53780,2305,44430,2990,98210,California
Fresno,2021-02-18,6855,149685,2903,75195,3952,74490,0,0,2578,52141,4228,48658,2589,100799,California
Fresno,2021-02-19,3833,153518,1099,76294,2734,77224,0,0,1827,51975,1996,50654,1830,102629,California
Fresno,2021-02-20,4537,158055,2502,78796,2035,79259,0,0,3057,53565,1473,52127,3063,105692,California
Fresno,2021-02-21,188,158243,171,78967,17,79276,0,0,129,53648,46,52173,129,105821,California
Fresno,2021-02-22,2228,160471,1001,79968,1227,80503,0,0,1224,53881,995,53168,1228,107049,California
Fresno,2021-02-23,3882,164353,1473,81441,2409,82912,0,0,3023,56057,849,54017,3025,110074,California
Fresno,2021-02-24,4172,168525,1493,82934,2679,85591,0,0,3427,58753,734,54751,3430,113504,California
Fresno,2021-02-25,7475,176000,2516,85450,4959,90550,0,0,6018,63385,1393,56144,6025,119529,California
Fresno,2021-02-26,8317,184317,3035,88485,5282,95832,0,0,7037,69168,1259,57403,7042,126571,California
Fresno,2021-02-27,6291,190608,2200,90685,4091,99923,0,0,5606,74103,677,58080,5612,132183,California
Fresno,2021-02-28,1635,192243,530,91215,1105,101028,0,0,1549,75577,75,58155,1549,133732,California
Fresno,2021-03-01,4904,197147,1289,92504,3615,104643,0,0,3599,77889,1295,59450,3607,137339,California
Fresno,2021-03-02,8496,205643,2306,94810,6190,110833,0,0,7138,83715,1335,60785,7161,144500,California
Fresno,2021-03-03,6743,212386,1663,96473,5079,115912,1,1,5729,88559,1000,61785,5844,150344,California
Fresno,2021-03-04,8493,220879,2531,99004,5962,121874,0,1,6979,94058,1488,63273,6987,157331,California
Fresno,2021-03-05,7939,228818,2703,101707,5235,127109,1,2,6926,100178,882,64155,7002,164333,California
Fresno,2021-03-06,6462,235280,3539,105246,2806,129915,117,119,5517,104877,939,65094,5638,169971,California
Fresno,2021-03-07,1474,236754,676,105922,764,130679,34,153,1247,105934,225,65319,1282,171253,California
Fresno,2021-03-08,5039,241793,1997,107919,2890,133569,152,305,3868,108801,1164,66483,4031,175284,California
Fresno,2021-03-09,7058,248851,2377,110296,4411,137980,270,575,3951,109968,3089,69572,4256,179540,California
Fresno,2021-03-10,6613,255464,2742,113038,3479,141459,392,967,5218,114202,1385,70957,5619,185159,California
Fresno,2021-03-11,11342,266806,4541,117579,6235,147694,566,1533,6194,115932,5106,76063,6836,191995,California
Fresno,2021-03-12,11541,278347,4917,122496,6172,153866,452,1985,8554,122108,2970,79033,9146,201141,California
Fresno,2021-03-13,8158,286505,3898,126394,3237,157103,1023,3008,3916,122897,4223,83256,5012,206153,California
Fresno,2021-03-14,1746,288251,466,126860,1000,158103,280,3288,659,122756,1078,84334,937,207090,California
Fresno,2021-03-15,6930,295181,3010,129870,3750,161853,170,3458,4772,125737,2144,86478,5125,212215,California
Fresno,2021-03-16,10049,305230,4404,134274,5251,167104,394,3852,6043,128293,3977,90455,6533,218748,California
Fresno,2021-03-17,8496,313726,3868,138142,3933,171037,695,4547,5723,132336,2755,93210,6798,225546,California
Fresno,2021-03-18,12235,325961,6557,144699,5049,176086,629,5176,8020,137234,4173,97383,9071,234617,California
Fresno,2021-03-19,10745,336706,5624,150323,4507,180593,614,5790,7276,141975,3442,100825,8183,242800,California
Fresno,2021-03-20,7381,344087,4423,154746,2646,183239,312,6102,4523,144244,2835,103660,5104,247904,California
Fresno,2021-03-21,1772,345859,1200,155946,201,183440,371,6473,961,144770,807,104467,1333,249237,California
Fresno,2021-03-22,5635,351494,2887,158833,2153,185593,595,7068,3843,147631,1776,106243,4637,253874,California
Fresno,2021-03-23,10537,362031,5236,164069,4808,190401,493,7561,6073,150177,4447,110690,6993,260867,California
Fresno,2021-03-24,8596,370627,3632,167701,4135,194536,829,8390,4732,151959,3832,114522,5614,266481,California
Fresno,2021-03-25,12041,382668,5573,173274,5686,200222,782,9172,6183,153187,5819,120341,7047,273528,California
Fresno,2021-03-26,11990,394658,5324,178598,6024,206246,642,9814,5273,152448,6673,127014,5934,279462,California
Fresno,2021-03-27,9361,404019,4125,182723,4152,210398,1084,10898,2933,150074,6394,133408,4020,283482,California
Fresno,2021-03-28,3277,407296,1197,183920,1393,211791,687,11585,1255,150260,2015,135423,2201,285683,California
Fresno,2021-03-29,6000,413296,1977,185897,3481,215272,542,12127,2914,150667,3062,138485,3469,289152,California
Fresno,2021-03-30,10741,424037,4201,190098,5659,220931,881,13008,4453,149734,6266,144751,5333,294485,California
Fresno,2021-03-31,9209,433246,3307,193405,4924,225855,978,13986,3793,149125,5379,150130,4770,299255,California
Fresno,2021-04-01,11275,444521,4051,197456,6374,232229,850,14836,3903,146538,7299,157429,4712,303967,California
Fresno,2021-04-02,11459,455980,4393,201849,6281,238510,785,15621,4194,144405,7117,164546,4984,308951,California
Fresno,2021-04-03,6132,462112,3374,205223,2510,241020,248,15869,2209,142991,3909,168455,2495,311446,California
Fresno,2021-04-04,1488,463600,534,205757,911,241931,43,15912,564,142682,916,169371,607,312053,California
Fresno,2021-04-05,8226,471826,4440,210197,2993,244924,793,16705,2519,140365,5698,175069,3381,315434,California
Fresno,2021-04-06,9454,481280,3936,214133,4343,249267,1175,17880,3583,139297,5839,180908,4771,320205,California
Fresno,2021-04-07,10283,491563,5285,219418,3817,253084,1181,19061,3543,137343,6707,187615,4753,324958,California
Fresno,2021-04-08,10776,502339,5110,224528,4532,257616,1134,20195,3502,134787,7236,194851,4680,329638,California
Fresno,2021-04-09,10616,512955,5069,229597,4198,261814,1349,21544,3577,132734,7002,201853,4949,334587,California
Fresno,2021-04-10,7823,520778,5127,234724,2176,263990,520,22064,3726,132889,4092,205945,4247,338834,California
Fresno,2021-04-11,1388,522166,928,235652,370,264360,90,22154,450,132495,933,206878,539,339373,California
Fresno,2021-04-12,7093,529259,3757,239409,2432,266792,904,23058,2314,130954,4760,211638,3219,342592,California
Fresno,2021-04-13,8873,538132,4211,243620,4592,271384,70,23128,3500,129273,5343,216981,3662,346254,California
Fresno,2021-04-14,8796,546928,5126,248746,3670,275054,0,23128,3638,127830,5126,222107,3683,349937,California
Fresno,2021-04-15,7750,554678,3607,252353,4141,279195,2,23130,3001,126113,4723,226830,3006,352943,California
Fresno,2021-04-16,8912,563590,4223,256576,4687,283882,2,23132,3820,124886,5054,231884,3827,356770,California
Fresno,2021-04-17,5569,569159,3735,260311,1834,285716,0,23132,2720,124773,2834,234718,2721,359491,California
Fresno,2021-04-18,1018,570177,549,260860,469,286185,0,23132,474,124705,542,235260,474,359965,California
Fresno,2021-04-19,5405,575582,2927,263787,2474,288659,4,23136,2186,123710,3188,238448,2193,362158,California
Fresno,2021-04-20,6787,582369,3295,267082,3484,292143,8,23144,2535,122025,4229,242677,2544,364702,California
Fresno,2021-04-21,6152,588521,3393,270475,2751,294894,8,23152,2563,121035,3565,246242,2575,367277,California
Fresno,2021-04-22,6227,594748,3084,273559,3142,298036,1,23153,2299,119450,3887,250129,2302,369579,California
Fresno,2021-04-23,6564,601312,3611,277170,2930,300966,23,23176,2578,118091,3949,254078,2590,372169,California
Fresno,2021-04-24,3305,604617,2093,279263,1212,302178,0,23176,1572,117937,1726,255804,1572,373741,California
Fresno,2021-04-25,1086,605703,476,279739,609,302787,1,23177,511,117874,575,256379,512,374253,California
Fresno,2021-04-26,3236,608939,1550,281289,1655,304442,31,23208,1360,117409,1857,258236,1392,375645,California
Fresno,2021-04-27,2104,611043,1143,282432,938,305380,23,23231,799,116936,1295,259531,822,376467,California
Glenn,2020-12-17,1,1,1,1,0,0,0,0,1,1,0,0,1,1,California
Glenn,2020-12-19,1,2,1,2,0,0,0,0,1,2,0,0,1,2,California
Glenn,2020-12-20,1,3,1,3,0,0,0,0,1,3,0,0,1,3,California
Glenn,2020-12-21,11,14,11,14,0,0,0,0,11,14,0,0,11,14,California
Glenn,2020-12-22,59,73,59,73,0,0,0,0,59,73,0,0,59,73,California
Glenn,2020-12-23,27,100,27,100,0,0,0,0,27,100,0,0,27,100,California
Glenn,2020-12-24,9,109,9,109,0,0,0,0,9,109,0,0,9,109,California
Glenn,2020-12-26,2,111,2,111,0,0,0,0,2,111,0,0,2,111,California
Glenn,2020-12-27,4,115,4,115,0,0,0,0,4,115,0,0,4,115,California
Glenn,2020-12-28,21,136,21,136,0,0,0,0,21,136,0,0,21,136,California
Glenn,2020-12-29,82,218,82,218,0,0,0,0,82,218,0,0,82,218,California
Glenn,2020-12-30,128,346,106,324,22,22,0,0,128,346,0,0,128,346,California
Glenn,2020-12-31,38,384,9,333,29,51,0,0,38,384,0,0,38,384,California
Glenn,2021-01-02,2,386,2,335,0,51,0,0,2,386,0,0,2,386,California
Glenn,2021-01-04,7,393,5,340,2,53,0,0,7,393,0,0,7,393,California
Glenn,2021-01-05,9,402,8,348,1,54,0,0,9,402,0,0,9,402,California
Glenn,2021-01-06,60,462,8,356,52,106,0,0,60,462,0,0,60,462,California
Glenn,2021-01-07,67,529,12,368,55,161,0,0,65,525,2,2,65,527,California
Glenn,2021-01-08,11,540,9,377,2,163,0,0,11,536,0,2,11,538,California
Glenn,2021-01-10,1,541,1,378,0,163,0,0,0,535,1,3,0,538,California
Glenn,2021-01-11,30,571,30,408,0,163,0,0,12,529,18,21,12,550,California
Glenn,2021-01-12,42,613,37,445,5,168,0,0,14,515,28,49,14,564,California
Glenn,2021-01-13,153,766,88,533,65,233,0,0,109,580,44,93,109,673,California
Glenn,2021-01-14,185,951,96,629,89,322,0,0,175,745,10,103,175,848,California
Glenn,2021-01-15,42,993,34,663,8,330,0,0,37,777,5,108,37,885,California
Glenn,2021-01-16,34,1027,14,677,20,350,0,0,24,791,10,118,24,909,California
Glenn,2021-01-17,4,1031,2,679,2,352,0,0,2,791,2,120,2,911,California
Glenn,2021-01-18,17,1048,16,695,1,353,0,0,9,792,8,128,9,920,California
Glenn,2021-01-19,31,1079,20,715,11,364,0,0,14,789,17,145,14,934,California
Glenn,2021-01-20,163,1242,94,809,69,433,0,0,82,790,81,226,82,1016,California
Glenn,2021-01-21,124,1366,98,907,26,459,0,0,30,726,94,320,30,1046,California
Glenn,2021-01-22,337,1703,63,970,274,733,0,0,330,1049,7,327,330,1376,California
Glenn,2021-01-23,14,1717,7,977,7,740,0,0,12,1059,2,329,12,1388,California
Glenn,2021-01-24,2,1719,2,979,0,740,0,0,2,1061,0,329,2,1390,California
Glenn,2021-01-25,27,1746,9,988,18,758,0,0,24,1082,3,332,24,1414,California
Glenn,2021-01-26,29,1775,13,1001,16,774,0,0,23,1099,6,338,23,1437,California
Glenn,2021-01-27,187,1962,13,1014,174,948,0,0,166,1244,21,359,166,1603,California
Glenn,2021-01-28,146,2108,8,1022,138,1086,0,0,116,1330,30,389,116,1719,California
Glenn,2021-01-29,296,2404,12,1034,284,1370,0,0,282,1598,14,403,282,2001,California
Glenn,2021-01-30,5,2409,0,1034,5,1375,0,0,5,1603,0,403,5,2006,California
Glenn,2021-01-31,1,2410,0,1034,1,1376,0,0,1,1604,0,403,1,2007,California
Glenn,2021-02-01,28,2438,10,1044,18,1394,0,0,16,1608,12,415,16,2023,California
Glenn,2021-02-02,28,2466,13,1057,15,1409,0,0,19,1618,9,424,19,2042,California
Glenn,2021-02-03,207,2673,58,1115,149,1558,0,0,112,1635,95,519,112,2154,California
Glenn,2021-02-04,150,2823,84,1199,66,1624,0,0,45,1575,105,624,45,2199,California
Glenn,2021-02-05,319,3142,24,1223,295,1919,0,0,300,1856,19,643,300,2499,California
Glenn,2021-02-06,14,3156,2,1225,12,1931,0,0,13,1868,1,644,13,2512,California
Glenn,2021-02-07,2,3158,2,1227,0,1931,0,0,2,1870,0,644,2,2514,California
Glenn,2021-02-08,21,3179,17,1244,4,1935,0,0,4,1857,17,661,4,2518,California
Glenn,2021-02-09,49,3228,20,1264,29,1964,0,0,36,1880,13,674,36,2554,California
Glenn,2021-02-10,138,3366,19,1283,119,2083,0,0,64,1870,74,748,64,2618,California
Glenn,2021-02-11,232,3598,132,1415,100,2183,0,0,149,1936,83,831,149,2767,California
Glenn,2021-02-12,420,4018,99,1514,321,2504,0,0,356,2228,64,895,356,3123,California
Glenn,2021-02-13,34,4052,7,1521,27,2531,0,0,16,2226,18,913,16,3139,California
Glenn,2021-02-14,1,4053,0,1521,1,2532,0,0,1,2227,0,913,1,3140,California
Glenn,2021-02-15,8,4061,0,1521,8,2540,0,0,8,2235,0,913,8,3148,California
Glenn,2021-02-16,39,4100,9,1530,30,2570,0,0,21,2238,18,931,21,3169,California
Glenn,2021-02-17,380,4480,15,1545,365,2935,0,0,302,2462,78,1009,302,3471,California
Glenn,2021-02-18,135,4615,100,1645,35,2970,0,0,111,2549,24,1033,111,3582,California
Glenn,2021-02-19,303,4918,17,1662,286,3256,0,0,29,2304,274,1307,29,3611,California
Glenn,2021-02-20,8,4926,0,1662,8,3264,0,0,0,2296,8,1315,0,3611,California
Glenn,2021-02-22,33,4959,14,1676,19,3283,0,0,17,2297,16,1331,17,3628,California
Glenn,2021-02-23,40,4999,10,1686,30,3313,0,0,28,2313,12,1343,28,3656,California
Glenn,2021-02-24,221,5220,15,1701,206,3519,0,0,47,2186,174,1517,47,3703,California
Glenn,2021-02-25,262,5482,148,1849,114,3633,0,0,118,2160,144,1661,118,3821,California
Glenn,2021-02-26,304,5786,24,1873,280,3913,0,0,20,1897,283,1944,20,3841,California
Glenn,2021-02-27,15,5801,5,1878,10,3923,0,0,5,1893,9,1953,5,3846,California
Glenn,2021-02-28,6,5807,3,1881,3,3926,0,0,3,1894,2,1955,3,3849,California
Glenn,2021-03-01,28,5835,6,1887,22,3948,0,0,12,1890,16,1971,12,3861,California
Glenn,2021-03-02,35,5870,7,1894,28,3976,0,0,17,1889,18,1989,17,3878,California
Glenn,2021-03-03,193,6063,37,1931,156,4132,0,0,101,1899,91,2080,101,3979,California
Glenn,2021-03-04,521,6584,176,2107,345,4477,0,0,376,2130,145,2225,376,4355,California
Glenn,2021-03-05,355,6939,47,2154,308,4785,0,0,34,1843,321,2546,34,4389,California
Glenn,2021-03-06,26,6965,3,2157,22,4807,1,1,9,1836,17,2563,10,4399,California
Glenn,2021-03-07,5,6970,0,2157,5,4812,0,1,3,1838,1,2564,3,4402,California
Glenn,2021-03-08,20,6990,2,2159,17,4829,1,2,18,1855,2,2566,19,4421,California
Glenn,2021-03-09,82,7072,11,2170,68,4897,3,5,54,1883,28,2594,56,4477,California
Glenn,2021-03-10,171,7243,68,2238,101,4998,2,7,95,1904,76,2670,97,4574,California
Glenn,2021-03-11,584,7827,170,2408,391,5389,23,30,454,2251,130,2800,477,5051,California
Glenn,2021-03-12,417,8244,14,2422,342,5731,61,91,41,1977,376,3176,102,5153,California
Glenn,2021-03-13,12,8256,1,2423,3,5734,8,99,1,1975,11,3187,9,5162,California
Glenn,2021-03-14,3,8259,1,2424,2,5736,0,99,2,1976,1,3188,2,5164,California
Glenn,2021-03-15,75,8334,15,2439,55,5791,5,104,60,2026,15,3203,65,5229,California
Glenn,2021-03-16,106,8440,33,2472,62,5853,11,115,65,2061,41,3244,76,5305,California
Glenn,2021-03-17,417,8857,97,2569,313,6166,7,122,116,1881,301,3545,121,5426,California
Glenn,2021-03-18,520,9377,214,2783,50,6216,256,378,145,1906,375,3920,400,5826,California
Glenn,2021-03-19,91,9468,16,2799,69,6285,6,384,70,1962,20,3940,76,5902,California
Glenn,2021-03-20,121,9589,1,2800,119,6404,1,385,119,2080,2,3942,120,6022,California
Glenn,2021-03-21,6,9595,5,2805,0,6404,1,386,3,2082,2,3944,4,6026,California
Glenn,2021-03-22,116,9711,53,2858,55,6459,8,394,96,2168,18,3962,104,6130,California
Glenn,2021-03-23,173,9884,66,2924,56,6515,51,445,100,2247,72,4034,151,6281,California
Glenn,2021-03-24,205,10089,100,3024,100,6615,5,450,133,2314,71,4105,138,6419,California
Glenn,2021-03-25,455,10544,226,3250,135,6750,94,544,326,2606,128,4233,420,6839,California
Glenn,2021-03-26,227,10771,35,3285,156,6906,36,580,177,2769,50,4283,213,7052,California
Glenn,2021-03-27,151,10922,21,3306,125,7031,5,585,140,2904,10,4293,145,7197,California
Glenn,2021-03-28,15,10937,10,3316,5,7036,0,585,10,2909,5,4298,10,7207,California
Glenn,2021-03-29,58,10995,19,3335,36,7072,3,588,44,2942,14,4312,47,7254,California
Glenn,2021-03-30,73,11068,41,3376,31,7103,1,589,42,2956,29,4341,43,7297,California
Glenn,2021-03-31,125,11193,35,3411,89,7192,1,590,54,2941,70,4411,55,7352,California
Glenn,2021-04-01,637,11830,182,3593,446,7638,9,599,226,2767,409,4820,235,7587,California
Glenn,2021-04-02,158,11988,25,3618,121,7759,12,611,122,2865,36,4856,134,7721,California
Glenn,2021-04-03,91,12079,4,3622,80,7839,7,618,80,2941,11,4867,87,7808,California
Glenn,2021-04-04,8,12087,3,3625,3,7842,2,620,4,2943,4,4871,6,7814,California
Glenn,2021-04-05,65,12152,25,3650,27,7869,13,633,28,2947,37,4908,41,7855,California
Glenn,2021-04-06,144,12296,52,3702,53,7922,39,672,38,2918,105,5013,76,7931,California
Glenn,2021-04-07,159,12455,46,3748,59,7981,54,726,73,2959,86,5099,127,8058,California
Glenn,2021-04-08,638,13093,188,3936,416,8397,34,760,137,2631,499,5598,171,8229,California
Glenn,2021-04-09,158,13251,58,3994,84,8481,16,776,101,2691,57,5655,117,8346,California
Glenn,2021-04-10,75,13326,1,3995,63,8544,11,787,63,2753,12,5667,74,8420,California
Glenn,2021-04-11,17,13343,8,4003,4,8548,5,792,7,2755,10,5677,12,8432,California
Glenn,2021-04-12,114,13457,24,4027,61,8609,29,821,20,2710,94,5771,49,8481,California
Glenn,2021-04-13,117,13574,63,4090,54,8663,0,821,31,2656,85,5856,31,8512,California
Glenn,2021-04-14,121,13695,46,4136,75,8738,0,821,66,2667,55,5911,66,8578,California
Glenn,2021-04-15,360,14055,274,4410,86,8824,0,821,124,2555,236,6147,124,8702,California
Glenn,2021-04-16,164,14219,40,4450,124,8948,0,821,81,2553,83,6230,81,8783,California
Glenn,2021-04-17,163,14382,16,4466,147,9095,0,821,35,2466,122,6352,35,8818,California
Glenn,2021-04-18,16,14398,3,4469,13,9108,0,821,13,2476,3,6355,13,8831,California
Glenn,2021-04-19,82,14480,17,4486,65,9173,0,821,27,2449,54,6409,27,8858,California
Glenn,2021-04-20,126,14606,81,4567,45,9218,0,821,57,2437,69,6478,57,8915,California
Glenn,2021-04-21,407,15013,304,4871,103,9321,0,821,282,2594,125,6603,282,9197,California
Glenn,2021-04-22,207,15220,47,4918,160,9481,0,821,44,2476,162,6765,44,9241,California
Glenn,2021-04-23,166,15386,24,4942,142,9623,0,821,46,2403,119,6884,46,9287,California
Glenn,2021-04-24,168,15554,20,4962,148,9771,0,821,39,2313,129,7013,39,9326,California
Glenn,2021-04-25,11,15565,7,4969,4,9775,0,821,8,2318,3,7016,8,9334,California
Glenn,2021-04-26,34,15599,6,4975,28,9803,0,821,16,2316,18,7034,16,9350,California
Glenn,2021-04-27,24,15623,20,4995,3,9806,1,822,13,2319,10,7044,13,9363,California
Humboldt,2020-12-15,2,2,2,2,0,0,0,0,2,2,0,0,2,2,California
Humboldt,2020-12-16,15,17,15,17,0,0,0,0,15,17,0,0,15,17,California
Humboldt,2020-12-17,117,134,117,134,0,0,0,0,117,134,0,0,117,134,California
Humboldt,2020-12-18,176,310,176,310,0,0,0,0,176,310,0,0,176,310,California
Humboldt,2020-12-19,10,320,10,320,0,0,0,0,10,320,0,0,10,320,California
Humboldt,2020-12-20,28,348,28,348,0,0,0,0,28,348,0,0,28,348,California
Humboldt,2020-12-21,165,513,165,513,0,0,0,0,165,513,0,0,165,513,California
Humboldt,2020-12-22,293,806,293,806,0,0,0,0,293,806,0,0,293,806,California
Humboldt,2020-12-23,310,1116,262,1068,48,48,0,0,311,1117,0,0,311,1117,California
Humboldt,2020-12-24,25,1141,2,1070,23,71,0,0,25,1142,0,0,25,1142,California
Humboldt,2020-12-25,2,1143,2,1072,0,71,0,0,2,1144,0,0,2,1144,California
Humboldt,2020-12-26,6,1149,5,1077,1,72,0,0,6,1150,0,0,6,1150,California
Humboldt,2020-12-28,154,1303,144,1221,10,82,0,0,154,1304,0,0,154,1304,California
Humboldt,2020-12-29,167,1470,124,1345,43,125,0,0,167,1471,0,0,167,1471,California
Humboldt,2020-12-30,223,1693,124,1469,99,224,0,0,223,1694,0,0,223,1694,California
Humboldt,2020-12-31,242,1935,79,1548,163,387,0,0,242,1936,0,0,242,1936,California
Humboldt,2021-01-01,2,1937,1,1549,1,388,0,0,2,1938,0,0,2,1938,California
Humboldt,2021-01-02,38,1975,1,1550,37,425,0,0,38,1976,0,0,38,1976,California
Humboldt,2021-01-04,217,2192,142,1692,75,500,0,0,218,2194,0,0,218,2194,California
Humboldt,2021-01-05,128,2320,18,1710,110,610,0,0,127,2320,1,1,127,2321,California
Humboldt,2021-01-06,302,2622,203,1913,99,709,0,0,230,2489,61,62,230,2551,California
Humboldt,2021-01-07,417,3039,305,2218,112,821,0,0,304,2695,98,160,304,2855,California
Humboldt,2021-01-08,419,3458,279,2497,140,961,0,0,284,2848,131,291,284,3139,California
Humboldt,2021-01-09,69,3527,45,2542,24,985,0,0,66,2912,3,294,67,3206,California
Humboldt,2021-01-10,84,3611,84,2626,0,985,0,0,4,2836,80,374,4,3210,California
Humboldt,2021-01-11,287,3898,276,2902,11,996,0,0,72,2697,211,585,72,3282,California
Humboldt,2021-01-12,480,4378,317,3219,163,1159,0,0,298,2835,160,745,298,3580,California
Humboldt,2021-01-13,480,4858,274,3493,206,1365,0,0,303,2965,174,919,304,3884,California
Humboldt,2021-01-14,518,5376,161,3654,357,1722,0,0,462,3372,56,975,463,4347,California
Humboldt,2021-01-15,374,5750,39,3693,335,2057,0,0,357,3712,17,992,357,4704,California
Humboldt,2021-01-16,170,5920,6,3699,164,2221,0,0,169,3880,1,993,169,4873,California
Humboldt,2021-01-17,6,5926,4,3703,2,2223,0,0,6,3886,0,993,6,4879,California
Humboldt,2021-01-18,292,6218,257,3960,35,2258,0,0,143,3880,149,1142,143,5022,California
Humboldt,2021-01-19,626,6844,372,4332,254,2512,0,0,499,4258,121,1263,499,5521,California
Humboldt,2021-01-20,911,7755,401,4733,510,3022,0,0,763,4884,139,1402,765,6286,California
Humboldt,2021-01-21,956,8711,260,4993,696,3718,0,0,915,5758,41,1443,915,7201,California
Humboldt,2021-01-22,675,9386,376,5369,299,4017,0,0,667,6417,8,1451,667,7868,California
Humboldt,2021-01-23,800,10186,271,5640,529,4546,0,0,791,7200,9,1460,792,8660,California
Humboldt,2021-01-24,226,10412,1,5641,225,4771,0,0,225,7424,1,1461,225,8885,California
Humboldt,2021-01-25,303,10715,232,5873,71,4842,0,0,149,7419,154,1615,149,9034,California
Humboldt,2021-01-26,526,11241,141,6014,385,5227,0,0,479,7851,47,1662,479,9513,California
Humboldt,2021-01-27,1260,12501,587,6601,673,5900,0,0,1195,8989,58,1720,1196,10709,California
Humboldt,2021-01-28,1454,13955,633,7234,821,6721,0,0,1319,10178,132,1852,1321,12030,California
Humboldt,2021-01-29,1131,15086,545,7779,586,7307,0,0,711,10471,420,2272,713,12743,California
Humboldt,2021-01-30,973,16059,458,8237,515,7822,0,0,961,11421,12,2284,962,13705,California
Humboldt,2021-01-31,311,16370,310,8547,1,7823,0,0,310,11730,1,2285,310,14015,California
Humboldt,2021-02-01,333,16703,192,8739,141,7964,0,0,189,11776,143,2428,189,14204,California
Humboldt,2021-02-02,443,17146,74,8813,369,8333,0,0,339,12016,101,2529,341,14545,California
Humboldt,2021-02-03,653,17799,259,9072,394,8727,0,0,503,12369,150,2679,503,15048,California
Humboldt,2021-02-04,638,18437,262,9334,376,9103,0,0,442,12618,193,2872,442,15490,California
Humboldt,2021-02-05,811,19248,94,9428,717,9820,0,0,625,13057,186,3058,625,16115,California
Humboldt,2021-02-06,1054,20302,444,9872,610,10430,0,0,1013,14031,40,3098,1014,17129,California
Humboldt,2021-02-07,377,20679,7,9879,370,10800,0,0,373,14401,4,3102,374,17503,California
Humboldt,2021-02-08,325,21004,142,10021,183,10983,0,0,184,14445,140,3242,184,17687,California
Humboldt,2021-02-09,493,21497,218,10239,275,11258,0,0,178,14308,315,3557,178,17865,California
Humboldt,2021-02-10,562,22059,369,10608,193,11451,0,0,232,14215,325,3882,232,18097,California
Humboldt,2021-02-11,1291,23350,392,11000,899,12350,0,0,510,13947,778,4660,510,18607,California
Humboldt,2021-02-12,1145,24495,733,11733,412,12762,0,0,705,14212,440,5100,705,19312,California
Humboldt,2021-02-13,1499,25994,552,12285,947,13709,0,0,911,14537,586,5686,911,20223,California
Humboldt,2021-02-14,112,26106,5,12290,107,13816,0,0,109,14644,2,5688,109,20332,California
Humboldt,2021-02-15,293,26399,78,12368,215,14031,0,0,196,14743,97,5785,196,20528,California
Humboldt,2021-02-16,534,26933,117,12485,417,14448,0,0,252,14714,282,6067,253,20781,California
Humboldt,2021-02-17,452,27385,280,12765,172,14620,0,0,137,14536,315,6382,137,20918,California
Humboldt,2021-02-18,967,28352,596,13361,371,14991,0,0,230,14030,736,7118,230,21148,California
Humboldt,2021-02-19,477,28829,435,13796,42,15033,0,0,91,13738,383,7501,91,21239,California
Humboldt,2021-02-20,1585,30414,978,14774,607,15640,0,0,475,13108,1107,8608,477,21716,California
Humboldt,2021-02-21,480,30894,472,15246,8,15648,0,0,184,12997,296,8904,185,21901,California
Humboldt,2021-02-22,125,31019,91,15337,34,15682,0,0,26,12926,97,9001,26,21927,California
Humboldt,2021-02-23,173,31192,70,15407,103,15785,0,0,40,12835,131,9132,40,21967,California
Humboldt,2021-02-24,1148,32340,690,16097,458,16243,0,0,570,12828,577,9709,570,22537,California
Humboldt,2021-02-25,830,33170,316,16413,514,16757,0,0,228,12456,600,10309,228,22765,California
Humboldt,2021-02-26,2143,35313,106,16519,2037,18794,0,0,455,11229,1682,11991,455,23220,California
Humboldt,2021-02-27,1689,37002,1073,17592,616,19410,0,0,868,11282,819,12810,872,24092,California
Humboldt,2021-02-28,122,37124,11,17603,111,19521,0,0,117,11394,5,12815,117,24209,California
Humboldt,2021-03-01,255,37379,47,17650,208,19729,0,0,180,11499,75,12890,180,24389,California
Humboldt,2021-03-02,286,37665,48,17698,238,19967,0,0,156,11525,130,13020,156,24545,California
Humboldt,2021-03-03,1644,39309,1095,18793,549,20516,0,0,1220,12328,418,13438,1221,25766,California
Humboldt,2021-03-04,886,40195,111,18904,775,21291,0,0,268,11980,618,14056,270,26036,California
Humboldt,2021-03-05,929,41124,181,19085,737,22028,11,11,375,11816,550,14606,386,26422,California
Humboldt,2021-03-06,1692,42816,837,19922,806,22834,49,60,710,11594,981,15587,759,27181,California
Humboldt,2021-03-07,363,43179,295,20217,50,22884,18,78,158,11565,205,15792,176,27357,California
Humboldt,2021-03-08,258,43437,7,20224,173,23057,78,156,164,11713,94,15886,242,27599,California
Humboldt,2021-03-09,457,43894,201,20425,111,23168,145,301,213,11829,242,16128,358,27957,California
Humboldt,2021-03-10,681,44575,466,20891,62,23230,153,454,412,12124,268,16396,563,28520,California
Humboldt,2021-03-11,1418,45993,461,21352,857,24087,100,554,601,12009,815,17211,700,29220,California
Humboldt,2021-03-12,1739,47732,1083,22435,435,24522,221,775,1049,12599,682,17893,1272,30492,California
Humboldt,2021-03-13,1568,49300,1021,23456,495,25017,52,827,679,12447,883,18776,731,31223,California
Humboldt,2021-03-14,139,49439,18,23474,112,25129,9,836,25,12367,114,18890,34,31257,California
Humboldt,2021-03-15,268,49707,51,23525,197,25326,20,856,51,12221,217,19107,71,31328,California
Humboldt,2021-03-16,632,50339,200,23725,172,25498,260,1116,258,12364,373,19480,516,31844,California
Humboldt,2021-03-17,728,51067,397,24122,223,25721,108,1224,335,12415,392,19872,443,32287,California
Humboldt,2021-03-18,1729,52796,1164,25286,522,26243,43,1267,1037,12808,687,20559,1080,33367,California
Humboldt,2021-03-19,1073,53869,58,25344,701,26944,314,1581,440,12932,630,21189,754,34121,California
Humboldt,2021-03-20,1372,55241,750,26094,609,27553,13,1594,426,12428,944,22133,440,34561,California
Humboldt,2021-03-21,247,55488,33,26127,185,27738,29,1623,200,12610,47,22180,229,34790,California
Humboldt,2021-03-22,111,55599,15,26142,47,27785,49,1672,56,12661,54,22234,105,34895,California
Humboldt,2021-03-23,408,56007,40,26182,325,28110,43,1715,318,12934,88,22322,361,35256,California
Humboldt,2021-03-24,1412,57419,389,26571,976,29086,47,1762,1038,13651,366,22688,1083,36339,California
Humboldt,2021-03-25,1828,59247,1203,27774,563,29649,62,1824,944,13775,882,23570,1006,37345,California
Humboldt,2021-03-26,2032,61279,434,28208,1543,31192,55,1879,1592,14986,435,24005,1646,38991,California
Humboldt,2021-03-27,1923,63202,1436,29644,319,31511,168,2047,1059,15353,860,24865,1227,40218,California
Humboldt,2021-03-28,265,63467,79,29723,115,31626,71,2118,83,15326,182,25047,155,40373,California
Humboldt,2021-03-29,466,63933,125,29848,246,31872,95,2213,197,15349,268,25315,291,40664,California
Humboldt,2021-03-30,932,64865,300,30148,518,32390,114,2327,558,15650,370,25685,671,41335,California
Humboldt,2021-03-31,1846,66711,515,30663,1235,33625,96,2423,1394,16694,448,26133,1492,42827,California
Humboldt,2021-04-01,2084,68795,694,31357,1301,34926,89,2512,1473,17652,604,26737,1562,44389,California
Humboldt,2021-04-02,1687,70482,1100,32457,484,35410,103,2615,597,17268,1084,27821,700,45089,California
Humboldt,2021-04-03,1648,72130,1492,33949,140,35550,16,2631,668,16982,970,28791,684,45773,California
Humboldt,2021-04-04,470,72600,360,34309,101,35651,9,2640,396,17314,74,28865,406,46179,California
Humboldt,2021-04-05,755,73355,454,34763,253,35904,48,2688,436,17481,317,29182,484,46663,California
Humboldt,2021-04-06,812,74167,311,35074,367,36271,134,2822,576,17960,230,29412,709,47372,California
Humboldt,2021-04-07,1475,75642,1054,36128,283,36554,138,2960,983,18591,490,29902,1121,48493,California
Humboldt,2021-04-08,1641,77283,1058,37186,458,37012,125,3085,704,18484,936,30838,829,49322,California
Humboldt,2021-04-09,1406,78689,431,37617,824,37836,151,3236,1133,19489,273,31111,1278,50600,California
Humboldt,2021-04-10,922,79611,134,37751,614,38450,174,3410,727,20195,194,31305,900,51500,California
Humboldt,2021-04-11,632,80243,136,37887,30,38480,466,3876,125,20278,507,31812,590,52090,California
Humboldt,2021-04-12,410,80653,222,38109,75,38555,113,3989,273,20527,137,31949,386,52476,California
Humboldt,2021-04-13,580,81233,321,38430,256,38811,3,3992,545,21042,32,31981,547,53023,California
Humboldt,2021-04-14,1409,82642,1029,39459,380,39191,0,3992,1309,22252,99,32080,1309,54332,California
Humboldt,2021-04-15,1796,84438,1194,40653,598,39789,4,3996,1238,22952,540,32620,1240,55572,California
Humboldt,2021-04-16,1111,85549,507,41160,604,40393,0,3996,535,22917,573,33193,538,56110,California
Humboldt,2021-04-17,1565,87114,1245,42405,320,40713,0,3996,1010,23378,549,33742,1010,57120,California
Humboldt,2021-04-18,473,87587,341,42746,132,40845,0,3996,92,23093,377,34119,92,57212,California
Humboldt,2021-04-19,147,87734,54,42800,93,40938,0,3996,67,23080,80,34199,67,57279,California
Humboldt,2021-04-20,454,88188,115,42915,339,41277,0,3996,219,23064,235,34434,219,57498,California
Humboldt,2021-04-21,1020,89208,350,43265,670,41947,0,3996,398,22850,613,35047,399,57897,California
Humboldt,2021-04-22,855,90063,508,43773,345,42292,2,3998,434,22866,419,35466,435,58332,California
Humboldt,2021-04-23,2114,92177,285,44058,1829,44121,0,3998,303,21362,1807,37273,303,58635,California
Humboldt,2021-04-24,783,92960,703,44761,75,44196,5,4003,299,21182,484,37757,304,58939,California
Humboldt,2021-04-25,329,93289,225,44986,104,44300,0,4003,164,21182,164,37921,164,59103,California
Humboldt,2021-04-26,212,93501,157,45143,54,44354,1,4004,61,21093,151,38072,62,59165,California
Humboldt,2021-04-27,287,93788,22,45165,264,44618,1,4005,61,20930,225,38297,62,59227,California
Imperial,2020-12-16,1,1,1,1,0,0,0,0,1,1,0,0,1,1,California
Imperial,2020-12-17,4,5,4,5,0,0,0,0,4,5,0,0,4,5,California
Imperial,2020-12-18,11,16,11,16,0,0,0,0,11,16,0,0,11,16,California
Imperial,2020-12-20,2,18,2,18,0,0,0,0,2,18,0,0,2,18,California
Imperial,2020-12-21,186,204,186,204,0,0,0,0,186,204,0,0,186,204,California
Imperial,2020-12-22,241,445,239,443,2,2,0,0,241,445,0,0,241,445,California
Imperial,2020-12-23,211,656,210,653,1,3,0,0,210,655,0,0,210,655,California
Imperial,2020-12-24,5,661,5,658,0,3,0,0,5,660,0,0,5,660,California
Imperial,2020-12-26,1,662,0,658,1,4,0,0,1,661,0,0,1,661,California
Imperial,2020-12-27,62,724,0,658,62,66,0,0,62,723,0,0,62,723,California
Imperial,2020-12-28,214,938,114,772,100,166,0,0,214,937,0,0,214,937,California
Imperial,2020-12-29,189,1127,36,808,153,319,0,0,189,1126,0,0,189,1126,California
Imperial,2020-12-30,366,1493,50,858,316,635,0,0,366,1492,0,0,366,1492,California
Imperial,2020-12-31,197,1690,26,884,171,806,0,0,197,1689,0,0,197,1689,California
Imperial,2021-01-01,46,1736,5,889,41,847,0,0,46,1735,0,0,46,1735,California
Imperial,2021-01-02,4,1740,0,889,4,851,0,0,4,1739,0,0,4,1739,California
Imperial,2021-01-03,90,1830,0,889,90,941,0,0,90,1829,0,0,90,1829,California
Imperial,2021-01-04,85,1915,5,894,80,1021,0,0,85,1914,0,0,85,1914,California
Imperial,2021-01-05,172,2087,13,907,159,1180,0,0,172,2086,0,0,172,2086,California
Imperial,2021-01-06,190,2277,25,932,165,1345,0,0,189,2274,1,1,189,2275,California
Imperial,2021-01-07,319,2596,9,941,310,1655,0,0,316,2587,3,4,316,2591,California
Imperial,2021-01-08,190,2786,50,991,140,1795,0,0,181,2759,9,13,181,2772,California
Imperial,2021-01-09,24,2810,21,1012,3,1798,0,0,24,2783,0,13,24,2796,California
Imperial,2021-01-10,1,2811,0,1012,1,1799,0,0,1,2784,0,13,1,2797,California
Imperial,2021-01-11,403,3214,244,1256,159,1958,0,0,175,2731,228,241,175,2972,California
Imperial,2021-01-12,403,3617,301,1557,102,2060,0,0,141,2611,261,502,141,3113,California
Imperial,2021-01-13,379,3996,132,1689,247,2307,0,0,280,2792,99,601,280,3393,California
Imperial,2021-01-14,260,4256,151,1840,109,2416,0,0,254,3041,5,606,254,3647,California
Imperial,2021-01-15,240,4496,182,2022,58,2474,0,0,233,3267,7,613,233,3880,California
Imperial,2021-01-16,76,4572,72,2094,4,2478,0,0,75,3341,1,614,75,3955,California
Imperial,2021-01-17,10,4582,2,2096,8,2486,0,0,10,3351,0,614,10,3965,California
Imperial,2021-01-18,1056,5638,401,2497,655,3141,0,0,957,4210,99,713,958,4923,California
Imperial,2021-01-19,164,5802,128,2625,36,3177,0,0,117,4280,47,760,117,5040,California
Imperial,2021-01-20,292,6094,195,2820,97,3274,0,0,254,4496,38,798,254,5294,California
Imperial,2021-01-21,415,6509,183,3003,232,3506,0,0,395,4871,20,818,395,5689,California
Imperial,2021-01-22,456,6965,189,3192,267,3773,0,0,447,5309,9,827,447,6136,California
Imperial,2021-01-23,1041,8006,290,3482,751,4524,0,0,1040,6348,1,828,1040,7176,California
Imperial,2021-01-24,10,8016,3,3485,7,4531,0,0,10,6358,0,828,10,7186,California
Imperial,2021-01-25,213,8229,5,3490,208,4739,0,0,34,6214,178,1006,34,7220,California
Imperial,2021-01-26,359,8588,184,3674,175,4914,0,0,216,6287,143,1149,216,7436,California
Imperial,2021-01-27,570,9158,162,3836,408,5322,0,0,237,6191,333,1482,237,7673,California
Imperial,2021-01-28,632,9790,159,3995,473,5795,0,0,525,6609,107,1589,525,8198,California
Imperial,2021-01-29,423,10213,296,4291,127,5922,0,0,373,6932,50,1639,373,8571,California
Imperial,2021-01-30,56,10269,31,4322,25,5947,0,0,39,6954,17,1656,39,8610,California
Imperial,2021-01-31,16,10285,6,4328,10,5957,0,0,15,6968,1,1657,15,8625,California
Imperial,2021-02-01,419,10704,53,4381,366,6323,0,0,208,6967,209,1866,208,8833,California
Imperial,2021-02-02,680,11384,54,4435,626,6949,0,0,499,7285,181,2047,499,9332,California
Imperial,2021-02-03,456,11840,47,4482,409,7358,0,0,263,7356,192,2239,263,9595,California
Imperial,2021-02-04,1717,13557,1197,5679,520,7878,0,0,1403,8447,312,2551,1403,10998,California
Imperial,2021-02-05,389,13946,241,5920,148,8026,0,0,153,8366,234,2785,153,11151,California
Imperial,2021-02-06,861,14807,838,6758,23,8049,0,0,824,9154,36,2821,824,11975,California
Imperial,2021-02-07,21,14828,9,6767,12,8061,0,0,20,9173,1,2822,20,11995,California
Imperial,2021-02-08,250,15078,42,6809,208,8269,0,0,182,9287,68,2890,182,12177,California
Imperial,2021-02-09,461,15539,145,6954,316,8585,0,0,304,9434,157,3047,304,12481,California
Imperial,2021-02-10,384,15923,56,7010,328,8913,0,0,94,9239,290,3337,95,12576,California
Imperial,2021-02-11,462,16385,258,7268,204,9117,0,0,89,8955,373,3710,89,12665,California
Imperial,2021-02-12,2129,18514,1411,8679,718,9835,0,0,1777,10381,351,4061,1777,14442,California
Imperial,2021-02-13,42,18556,18,8697,24,9859,0,0,34,10408,8,4069,35,14477,California
Imperial,2021-02-14,23,18579,11,8708,12,9871,0,0,21,10427,2,4071,21,14498,California
Imperial,2021-02-15,30,18609,10,8718,20,9891,0,0,23,10443,7,4078,23,14521,California
Imperial,2021-02-16,514,19123,266,8984,248,10139,0,0,293,10515,221,4299,293,14814,California
Imperial,2021-02-17,439,19562,285,9269,154,10293,0,0,83,10242,356,4655,83,14897,California
Imperial,2021-02-18,646,20208,308,9577,338,10631,0,0,140,9878,504,5159,140,15037,California
Imperial,2021-02-19,766,20974,381,9958,385,11016,0,0,192,9497,573,5732,192,15229,California
Imperial,2021-02-20,1039,22013,191,10149,848,11864,0,0,325,9111,713,6445,327,15556,California
Imperial,2021-02-21,588,22601,554,10703,34,11898,0,0,577,9678,10,6455,577,16133,California
Imperial,2021-02-22,809,23410,569,11272,240,12138,0,0,759,10387,50,6505,759,16892,California
Imperial,2021-02-23,937,24347,372,11644,565,12703,0,0,886,11222,51,6556,886,17778,California
Imperial,2021-02-24,700,25047,285,11929,415,13118,0,0,602,11727,97,6653,602,18380,California
Imperial,2021-02-25,816,25863,338,12267,478,13596,0,0,450,11817,365,7018,455,18835,California
Imperial,2021-02-26,1743,27606,1350,13617,393,13989,0,0,1569,13214,172,7190,1569,20404,California
Imperial,2021-02-27,858,28464,809,14426,49,14038,0,0,120,12597,738,7928,121,20525,California
Imperial,2021-02-28,29,28493,19,14445,10,14048,0,0,20,12608,9,7937,20,20545,California
Imperial,2021-03-01,492,28985,293,14738,198,14246,1,1,427,12974,63,8000,429,20974,California
Imperial,2021-03-02,673,29658,246,14984,427,14673,0,1,384,13071,289,8289,386,21360,California
Imperial,2021-03-03,921,30579,45,15029,875,15548,1,2,552,13269,366,8655,564,21924,California
Imperial,2021-03-04,746,31325,76,15105,669,16217,1,3,485,13525,259,8914,515,22439,California
Imperial,2021-03-05,2570,33895,1937,17042,633,16850,0,3,1245,13450,1322,10236,1247,23686,California
Imperial,2021-03-06,688,34583,236,17278,452,17302,0,3,647,14063,38,10274,651,24337,California
Imperial,2021-03-07,72,34655,39,17317,33,17335,0,3,52,14096,20,10294,53,24390,California
Imperial,2021-03-08,412,35067,329,17646,48,17383,35,38,360,14439,52,10346,395,24785,California
Imperial,2021-03-09,681,35748,310,17956,125,17508,246,284,397,14798,284,10630,643,25428,California
Imperial,2021-03-10,681,36429,312,18268,266,17774,103,387,318,14858,362,10992,422,25850,California
Imperial,2021-03-11,1787,38216,478,18746,1116,18890,193,580,1186,15648,600,11592,1390,27240,California
Imperial,2021-03-12,3699,41915,2538,21284,976,19866,185,765,2101,16339,1596,13188,2287,29527,California
Imperial,2021-03-13,1141,43056,90,21374,828,20694,223,988,856,17138,283,13471,1082,30609,California
Imperial,2021-03-14,168,43224,30,21404,126,20820,12,1000,138,17259,30,13501,151,30760,California
Imperial,2021-03-15,669,43893,214,21618,197,21017,258,1258,374,17597,294,13795,632,31392,California
Imperial,2021-03-16,1069,44962,276,21894,340,21357,453,1711,532,18047,535,14330,985,32377,California
Imperial,2021-03-17,1572,46534,691,22585,744,22101,137,1848,994,18604,575,14905,1132,33509,California
Imperial,2021-03-18,1779,48313,1176,23761,543,22644,60,1908,1250,19389,527,15432,1312,34821,California
Imperial,2021-03-19,3336,51649,2445,26206,887,23531,4,1912,1500,19065,1829,17261,1505,36326,California
Imperial,2021-03-20,862,52511,550,26756,307,23838,5,1917,418,19054,440,17701,429,36755,California
Imperial,2021-03-21,214,52725,33,26789,177,24015,4,1921,156,19160,58,17759,164,36919,California
Imperial,2021-03-22,1044,53769,338,27127,699,24714,7,1928,623,19371,420,18179,631,37550,California
Imperial,2021-03-23,1388,55157,410,27537,972,25686,6,1934,889,19772,496,18675,897,38447,California
Imperial,2021-03-24,1870,57027,542,28079,901,26587,427,2361,901,20132,967,19642,1327,39774,California
Imperial,2021-03-25,2807,59834,500,28579,874,27461,1433,3794,1003,20764,1800,21442,2432,42206,California
Imperial,2021-03-26,2476,62310,875,29454,730,28191,871,4665,770,20705,1700,23142,1641,43847,California
Imperial,2021-03-27,577,62887,264,29718,261,28452,52,4717,418,21019,156,23298,470,44317,California
Imperial,2021-03-28,209,63096,51,29769,156,28608,2,4719,172,21157,36,23334,174,44491,California
Imperial,2021-03-29,1198,64294,345,30114,391,28999,462,5181,314,21052,882,24216,777,45268,California
Imperial,2021-03-30,1779,66073,676,30790,591,29590,512,5693,675,21136,1104,25320,1188,46456,California
Imperial,2021-03-31,1532,67605,715,31505,812,30402,5,5698,1016,21642,514,25834,1020,47476,California
Imperial,2021-04-01,1801,69406,396,31901,1163,31565,242,5940,809,21705,987,26821,1050,48526,California
Imperial,2021-04-02,1258,70664,446,32347,738,32303,74,6014,743,22008,513,27334,816,49342,California
Imperial,2021-04-03,1493,72157,405,32752,1009,33312,79,6093,686,21970,803,28137,765,50107,California
Imperial,2021-04-04,83,72240,39,32791,28,33340,16,6109,24,21951,59,28196,40,50147,California
Imperial,2021-04-05,2108,74348,1278,34069,763,34103,67,6176,400,20718,1701,29897,468,50615,California
Imperial,2021-04-06,1292,75640,529,34598,574,34677,189,6365,681,20981,608,30505,871,51486,California
Imperial,2021-04-07,2149,77789,549,35147,1224,35901,376,6741,1539,22290,606,31111,1915,53401,California
Imperial,2021-04-08,2183,79972,1068,36215,822,36723,293,7034,1075,22552,1105,32216,1367,54768,California
Imperial,2021-04-09,2135,82107,628,36843,892,37615,615,7649,830,22696,1301,33517,1445,56213,California
Imperial,2021-04-10,1270,83377,182,37025,818,38433,270,7919,211,22118,1057,34574,479,56692,California
Imperial,2021-04-11,215,83592,29,37054,154,38587,32,7951,73,22081,142,34716,105,56797,California
Imperial,2021-04-12,1376,84968,761,37815,413,39000,202,8153,776,22465,597,35313,981,57778,California
Imperial,2021-04-13,2261,87229,1442,39257,818,39818,1,8154,1581,23372,675,35988,1582,59360,California
Imperial,2021-04-14,1969,89198,941,40198,1028,40846,0,8154,1393,24195,571,36559,1394,60754,California
Imperial,2021-04-15,1838,91036,873,41071,965,41811,0,8154,1319,24998,517,37076,1320,62074,California
Imperial,2021-04-16,2024,93060,962,42033,1062,42873,0,8154,1155,25288,865,37941,1155,63229,California
Imperial,2021-04-17,1730,94790,861,42894,867,43740,2,8156,1364,26293,362,38303,1367,64596,California
Imperial,2021-04-18,246,95036,65,42959,181,43921,0,8156,87,26222,158,38461,87,64683,California
Imperial,2021-04-19,784,95820,251,43210,533,44454,0,8156,457,26357,326,38787,461,65144,California
Imperial,2021-04-20,1257,97077,510,43720,747,45201,0,8156,736,26575,518,39305,736,65880,California
Imperial,2021-04-21,1263,98340,324,44044,939,46140,0,8156,776,26867,484,39789,776,66656,California
Imperial,2021-04-22,1730,100070,772,44816,958,47098,0,8156,1234,27613,490,40279,1236,67892,California
Imperial,2021-04-23,1460,101530,407,45223,1053,48151,0,8156,818,27800,635,40914,822,68714,California
Imperial,2021-04-24,499,102029,288,45511,211,48362,0,8156,190,27684,307,41221,191,68905,California
Imperial,2021-04-25,256,102285,97,45608,159,48521,0,8156,131,27691,124,41345,131,69036,California
Imperial,2021-04-26,773,103058,372,45980,400,48921,1,8157,520,27960,252,41597,521,69557,California
Imperial,2021-04-27,607,103665,236,46216,367,49288,4,8161,316,27989,291,41888,320,69877,California
Inyo,2020-12-19,85,85,85,85,0,0,0,0,85,85,0,0,85,85,California
Inyo,2020-12-20,58,143,58,143,0,0,0,0,58,143,0,0,58,143,California
Inyo,2020-12-21,88,231,85,228,3,3,0,0,88,231,0,0,88,231,California
Inyo,2020-12-22,105,336,105,333,0,3,0,0,105,336,0,0,105,336,California
Inyo,2020-12-23,70,406,67,400,3,6,0,0,70,406,0,0,70,406,California
Inyo,2020-12-24,16,422,16,416,0,6,0,0,16,422,0,0,16,422,California
Inyo,2020-12-25,1,423,0,416,1,7,0,0,1,423,0,0,1,423,California
Inyo,2020-12-26,74,497,74,490,0,7,0,0,74,497,0,0,74,497,California
Inyo,2020-12-28,48,545,36,526,12,19,0,0,48,545,0,0,48,545,California
Inyo,2020-12-29,20,565,20,546,0,19,0,0,20,565,0,0,20,565,California
Inyo,2020-12-30,56,621,54,600,2,21,0,0,56,621,0,0,56,621,California
Inyo,2020-12-31,29,650,0,600,29,50,0,0,29,650,0,0,29,650,California
Inyo,2021-01-01,1,651,0,600,1,51,0,0,1,651,0,0,1,651,California
Inyo,2021-01-03,1,652,0,600,1,52,0,0,1,652,0,0,1,652,California
Inyo,2021-01-04,1,653,1,601,0,52,0,0,1,653,0,0,1,653,California
Inyo,2021-01-05,34,687,0,601,34,86,0,0,34,687,0,0,34,687,California
Inyo,2021-01-06,68,755,0,601,68,154,0,0,68,755,0,0,68,755,California
Inyo,2021-01-07,31,786,1,602,30,184,0,0,31,786,0,0,31,786,California
Inyo,2021-01-08,9,795,8,610,1,185,0,0,4,786,5,5,5,791,California
Inyo,2021-01-09,87,882,86,696,1,186,0,0,1,701,86,91,1,792,California
Inyo,2021-01-10,52,934,52,748,0,186,0,0,0,649,52,143,0,792,California
Inyo,2021-01-11,97,1031,82,830,15,201,0,0,16,584,81,224,16,808,California
Inyo,2021-01-12,139,1170,118,948,21,222,0,0,28,501,111,335,28,836,California
Inyo,2021-01-13,86,1256,68,1016,18,240,0,0,21,458,65,400,22,858,California
Inyo,2021-01-14,59,1315,13,1029,46,286,0,0,49,497,10,410,49,907,California
Inyo,2021-01-15,163,1478,28,1057,135,421,0,0,163,660,0,410,163,1070,California
Inyo,2021-01-16,74,1552,73,1130,1,422,0,0,1,588,73,483,1,1071,California
Inyo,2021-01-18,58,1610,36,1166,22,444,0,0,19,568,39,522,19,1090,California
Inyo,2021-01-19,115,1725,72,1238,43,487,0,0,99,651,16,538,99,1189,California
Inyo,2021-01-20,145,1870,70,1308,75,562,0,0,91,688,54,592,91,1280,California
Inyo,2021-01-21,121,1991,57,1365,64,626,0,0,120,807,1,593,120,1400,California
Inyo,2021-01-22,62,2053,0,1365,62,688,0,0,61,867,1,594,61,1461,California
Inyo,2021-01-23,52,2105,52,1417,0,688,0,0,52,919,0,594,52,1513,California
Inyo,2021-01-25,49,2154,6,1423,43,731,0,0,37,944,12,606,37,1550,California
Inyo,2021-01-26,135,2289,54,1477,81,812,0,0,129,1067,6,612,129,1679,California
Inyo,2021-01-27,23,2312,2,1479,21,833,0,0,22,1088,1,613,22,1701,California
Inyo,2021-01-28,92,2404,2,1481,90,923,0,0,63,1122,29,642,63,1764,California
Inyo,2021-01-29,25,2429,3,1484,22,945,0,0,23,1143,2,644,23,1787,California
Inyo,2021-01-30,11,2440,1,1485,10,955,0,0,11,1154,0,644,11,1798,California
Inyo,2021-01-31,32,2472,4,1489,28,983,0,0,4,1130,28,672,4,1802,California
Inyo,2021-02-01,11,2483,9,1498,2,985,0,0,1,1121,10,682,1,1803,California
Inyo,2021-02-02,130,2613,14,1512,116,1101,0,0,104,1199,26,708,104,1907,California
Inyo,2021-02-03,116,2729,0,1512,116,1217,0,0,74,1231,42,750,74,1981,California
Inyo,2021-02-04,149,2878,31,1543,118,1335,0,0,90,1262,59,809,90,2071,California
Inyo,2021-02-05,117,2995,61,1604,56,1391,0,0,115,1375,2,811,115,2186,California
Inyo,2021-02-06,4,2999,2,1606,2,1393,0,0,3,1377,1,812,3,2189,California
Inyo,2021-02-07,4,3003,2,1608,2,1395,0,0,4,1381,0,812,4,2193,California
Inyo,2021-02-08,117,3120,7,1615,110,1505,0,0,97,1458,20,832,97,2290,California
Inyo,2021-02-09,194,3314,51,1666,143,1648,0,0,123,1510,71,903,123,2413,California
Inyo,2021-02-10,143,3457,18,1684,125,1773,0,0,109,1585,34,937,109,2522,California
Inyo,2021-02-11,220,3677,56,1740,164,1937,0,0,126,1617,94,1031,126,2648,California
Inyo,2021-02-12,299,3976,52,1792,247,2184,0,0,168,1654,131,1162,168,2816,California
Inyo,2021-02-13,60,4036,55,1847,5,2189,0,0,8,1610,52,1214,8,2824,California
Inyo,2021-02-14,1,4037,0,1847,1,2190,0,0,1,1611,0,1214,1,2825,California
Inyo,2021-02-15,29,4066,9,1856,20,2210,0,0,5,1592,24,1238,5,2830,California
Inyo,2021-02-16,181,4247,50,1906,131,2341,0,0,93,1597,88,1326,93,2923,California
Inyo,2021-02-17,37,4284,4,1910,33,2374,0,0,7,1574,30,1356,7,2930,California
Inyo,2021-02-18,123,4407,6,1916,117,2491,0,0,79,1609,44,1400,79,3009,California
Inyo,2021-02-19,52,4459,4,1920,48,2539,0,0,9,1575,43,1443,9,3018,California
Inyo,2021-02-20,504,4963,500,2420,4,2543,0,0,502,2075,2,1445,502,3520,California
Inyo,2021-02-21,267,5230,267,2687,0,2543,0,0,267,2342,0,1445,267,3787,California
Inyo,2021-02-22,61,5291,19,2706,42,2585,0,0,27,2335,34,1479,27,3814,California
Inyo,2021-02-23,198,5489,20,2726,178,2763,0,0,94,2326,103,1582,94,3908,California
Inyo,2021-02-24,116,5605,0,2726,116,2879,0,0,57,2324,59,1641,57,3965,California
Inyo,2021-02-25,130,5735,3,2729,127,3006,0,0,62,2318,68,1709,62,4027,California
Inyo,2021-02-26,103,5838,60,2789,43,3049,0,0,19,2253,84,1793,19,4046,California
Inyo,2021-02-27,15,5853,4,2793,11,3060,0,0,3,2244,12,1805,3,4049,California
Inyo,2021-02-28,3,5856,1,2794,2,3062,0,0,2,2245,1,1806,2,4051,California
Inyo,2021-03-01,20,5876,2,2796,18,3080,0,0,17,2259,3,1809,17,4068,California
Inyo,2021-03-02,195,6071,1,2797,194,3274,0,0,111,2286,84,1893,111,4179,California
Inyo,2021-03-03,83,6154,2,2799,81,3355,0,0,40,2283,43,1936,40,4219,California
Inyo,2021-03-04,128,6282,4,2803,124,3479,0,0,46,2247,82,2018,46,4265,California
Inyo,2021-03-05,142,6424,57,2860,85,3564,0,0,38,2181,104,2122,38,4303,California
Inyo,2021-03-06,31,6455,1,2861,30,3594,0,0,30,2210,1,2123,30,4333,California
Inyo,2021-03-07,7,6462,4,2865,3,3597,0,0,5,2213,2,2125,5,4338,California
Inyo,2021-03-08,182,6644,5,2870,177,3774,0,0,91,2213,91,2216,91,4429,California
Inyo,2021-03-09,186,6830,2,2872,184,3958,0,0,71,2169,115,2331,71,4500,California
Inyo,2021-03-10,70,6900,8,2880,61,4019,1,1,30,2160,40,2371,31,4531,California
Inyo,2021-03-11,203,7103,1,2881,197,4216,5,6,73,2108,130,2501,78,4609,California
Inyo,2021-03-12,174,7277,4,2885,165,4381,5,11,76,2091,98,2599,81,4690,California
Inyo,2021-03-13,576,7853,541,3426,25,4406,10,21,77,1680,498,3097,87,4777,California
Inyo,2021-03-14,432,8285,430,3856,2,4408,0,21,169,1587,262,3359,169,4946,California
Inyo,2021-03-15,51,8336,15,3871,34,4442,2,23,30,1598,21,3380,32,4978,California
Inyo,2021-03-16,164,8500,4,3875,154,4596,6,29,63,1567,100,3480,69,5047,California
Inyo,2021-03-17,107,8607,3,3878,97,4693,7,36,92,1651,15,3495,99,5146,California
Inyo,2021-03-18,182,8789,14,3892,161,4854,7,43,102,1680,80,3575,109,5255,California
Inyo,2021-03-19,45,8834,4,3896,37,4891,4,47,35,1709,10,3585,39,5294,California
Inyo,2021-03-20,20,8854,1,3897,10,4901,9,56,1,1700,19,3604,10,5304,California
Inyo,2021-03-22,59,8913,2,3899,52,4953,5,61,39,1724,20,3624,44,5348,California
Inyo,2021-03-23,195,9108,4,3903,187,5140,4,65,105,1743,90,3714,109,5457,California
Inyo,2021-03-24,140,9248,2,3905,134,5274,4,69,87,1781,53,3767,91,5548,California
Inyo,2021-03-25,325,9573,104,4009,217,5491,4,73,259,1978,66,3833,263,5811,California
Inyo,2021-03-26,91,9664,3,4012,84,5575,4,77,71,2033,20,3853,75,5886,California
Inyo,2021-03-27,52,9716,44,4056,5,5580,3,80,46,2076,6,3859,49,5935,California
Inyo,2021-03-28,4,9720,1,4057,2,5582,1,81,1,2075,3,3862,2,5937,California
Inyo,2021-03-29,109,9829,2,4059,102,5684,5,86,82,2136,26,3888,87,6024,California
Inyo,2021-03-30,212,10041,3,4062,204,5888,5,91,102,2133,110,3998,107,6131,California
Inyo,2021-03-31,144,10185,4,4066,135,6023,5,96,103,2200,41,4039,108,6239,California
Inyo,2021-04-01,164,10349,4,4070,159,6182,1,97,115,2267,49,4088,116,6355,California
Inyo,2021-04-02,81,10430,1,4071,78,6260,2,99,52,2292,29,4117,54,6409,California
Inyo,2021-04-03,93,10523,46,4117,33,6293,14,113,5,2224,86,4203,18,6427,California
Inyo,2021-04-04,5,10528,4,4121,0,6293,1,114,1,2222,4,4207,2,6429,California
Inyo,2021-04-05,117,10645,1,4122,112,6405,4,118,29,2167,88,4295,33,6462,California
Inyo,2021-04-06,235,10880,6,4128,166,6571,63,181,104,2203,131,4426,167,6629,California
Inyo,2021-04-07,200,11080,3,4131,71,6642,126,307,44,2217,156,4582,170,6799,California
Inyo,2021-04-08,176,11256,14,4145,145,6787,17,324,80,2218,96,4678,97,6896,California
Inyo,2021-04-09,123,11379,5,4150,95,6882,23,347,36,2191,86,4764,59,6955,California
Inyo,2021-04-10,42,11421,1,4151,24,6906,17,364,3,2172,39,4803,20,6975,California
Inyo,2021-04-11,1,11422,0,4151,1,6907,0,364,1,2173,0,4803,1,6976,California
Inyo,2021-04-12,79,11501,0,4151,74,6981,5,369,41,2181,38,4841,46,7022,California
Inyo,2021-04-13,119,11620,3,4154,113,7094,3,372,61,2188,57,4898,64,7086,California
Inyo,2021-04-14,121,11741,2,4156,119,7213,0,372,39,2145,82,4980,39,7125,California
Inyo,2021-04-15,261,12002,102,4258,159,7372,0,372,82,2048,179,5159,82,7207,California
Inyo,2021-04-16,48,12050,6,4264,42,7414,0,372,21,2042,27,5186,21,7228,California
Inyo,2021-04-17,2,12052,1,4265,1,7415,0,372,1,2042,1,5187,1,7229,California
Inyo,2021-04-19,130,12182,43,4308,87,7502,0,372,44,2000,86,5273,44,7273,California
Inyo,2021-04-20,162,12344,3,4311,159,7661,0,372,80,1998,82,5355,80,7353,California
Inyo,2021-04-21,114,12458,4,4315,110,7771,0,372,32,1948,82,5437,32,7385,California
Inyo,2021-04-22,198,12656,3,4318,195,7966,0,372,54,1858,144,5581,54,7439,California
Inyo,2021-04-23,96,12752,4,4322,92,8058,0,372,23,1808,73,5654,23,7462,California
Inyo,2021-04-24,309,13061,306,4628,3,8061,0,372,304,2107,5,5659,304,7766,California
Inyo,2021-04-25,120,13181,118,4746,2,8063,0,372,120,2227,0,5659,120,7886,California
Inyo,2021-04-26,67,13248,2,4748,64,8127,1,373,7,2176,59,5718,8,7894,California
Inyo,2021-04-27,64,13312,4,4752,60,8187,0,373,23,2158,41,5759,23,7917,California
Kern,2020-12-15,1,1,1,1,0,0,0,0,1,1,0,0,1,1,California
Kern,2020-12-16,18,19,18,19,0,0,0,0,18,19,0,0,18,19,California
Kern,2020-12-17,164,183,164,183,0,0,0,0,164,183,0,0,164,183,California
Kern,2020-12-18,320,503,320,503,0,0,0,0,320,503,0,0,320,503,California
Kern,2020-12-19,98,601,98,601,0,0,0,0,99,602,0,0,99,602,California
Kern,2020-12-20,61,662,61,662,0,0,0,0,61,663,0,0,61,663,California
Kern,2020-12-21,671,1333,670,1332,1,1,0,0,671,1334,0,0,671,1334,California
Kern,2020-12-22,530,1863,527,1859,3,4,0,0,530,1864,0,0,530,1864,California
Kern,2020-12-23,558,2421,418,2277,140,144,0,0,558,2422,0,0,558,2422,California
Kern,2020-12-24,122,2543,43,2320,79,223,0,0,122,2544,0,0,122,2544,California
Kern,2020-12-25,1,2544,1,2321,0,223,0,0,1,2545,0,0,1,2545,California
Kern,2020-12-26,33,2577,1,2322,32,255,0,0,33,2578,0,0,33,2578,California
Kern,2020-12-27,35,2612,3,2325,32,287,0,0,35,2613,0,0,35,2613,California
Kern,2020-12-28,825,3437,661,2986,164,451,0,0,825,3438,0,0,825,3438,California
Kern,2020-12-29,746,4183,453,3439,293,744,0,0,745,4182,1,1,745,4183,California
Kern,2020-12-30,1200,5383,908,4347,292,1036,0,0,1200,5382,0,1,1200,5383,California
Kern,2020-12-31,277,5660,99,4446,178,1214,0,0,277,5659,0,1,277,5660,California
Kern,2021-01-01,12,5672,6,4452,6,1220,0,0,12,5671,0,1,12,5672,California
Kern,2021-01-02,78,5750,18,4470,60,1280,0,0,78,5749,0,1,78,5750,California
Kern,2021-01-03,23,5773,4,4474,19,1299,0,0,23,5772,0,1,23,5773,California
Kern,2021-01-04,553,6326,360,4834,193,1492,0,0,553,6325,0,1,553,6326,California
Kern,2021-01-05,1132,7458,738,5572,394,1886,0,0,1120,7433,12,13,1120,7446,California
Kern,2021-01-06,1166,8624,455,6027,711,2597,0,0,1136,8539,30,43,1136,8582,California
Kern,2021-01-07,1407,10031,494,6521,913,3510,0,0,1238,9609,168,211,1238,9820,California
Kern,2021-01-08,1628,11659,767,7288,861,4371,0,0,1331,10643,298,509,1332,11152,California
Kern,2021-01-09,225,11884,76,7364,149,4520,0,0,191,10800,34,543,191,11343,California
Kern,2021-01-10,194,12078,147,7511,47,4567,0,0,153,10912,41,584,153,11496,California
Kern,2021-01-11,1555,13633,983,8494,572,5139,0,0,1000,11357,555,1139,1000,12496,California
Kern,2021-01-12,1869,15502,809,9303,1060,6199,0,0,1359,12206,510,1649,1359,13855,California
Kern,2021-01-13,1855,17357,869,10172,986,7185,0,0,1433,13217,422,2071,1433,15288,California
Kern,2021-01-14,2181,19538,645,10817,1536,8721,0,0,2136,15307,46,2117,2136,17424,California
Kern,2021-01-15,2702,22240,857,11674,1845,10566,0,0,2605,17818,95,2212,2606,20030,California
Kern,2021-01-16,670,22910,212,11886,458,11024,0,0,636,18420,34,2246,636,20666,California
Kern,2021-01-17,73,22983,7,11893,66,11090,0,0,71,18489,2,2248,71,20737,California
Kern,2021-01-18,1643,24626,658,12551,985,12075,0,0,1474,19794,169,2417,1474,22211,California
Kern,2021-01-19,1853,26479,1032,13583,821,12896,0,0,1384,20710,469,2886,1385,23596,California
Kern,2021-01-20,2446,28925,1512,15095,934,13830,0,0,1822,21915,619,3505,1824,25420,California
Kern,2021-01-21,2166,31091,920,16015,1246,15076,0,0,1969,23688,196,3701,1969,27389,California
Kern,2021-01-22,2706,33797,1289,17304,1417,16493,0,0,2430,25844,274,3975,2430,29819,California
Kern,2021-01-23,1245,35042,534,17838,711,17204,0,0,1199,26997,46,4021,1199,31018,California
Kern,2021-01-24,160,35202,18,17856,142,17346,0,0,154,27145,6,4027,154,31172,California
Kern,2021-01-25,2383,37585,1084,18940,1299,18645,0,0,1900,28564,482,4509,1901,33073,California
Kern,2021-01-26,2764,40349,1125,20065,1639,20284,0,0,1908,29617,855,5364,1908,34981,California
Kern,2021-01-27,3558,43907,1903,21968,1655,21939,0,0,2858,31778,697,6061,2858,37839,California
Kern,2021-01-28,2860,46767,1351,23319,1509,23448,0,0,2428,33781,428,6489,2431,40270,California
Kern,2021-01-29,3767,50534,1802,25121,1965,25413,0,0,3224,36465,540,7029,3224,43494,California
Kern,2021-01-30,1323,51857,496,25617,827,26240,0,0,1276,37696,45,7074,1276,44770,California
Kern,2021-01-31,402,52259,275,25892,127,26367,0,0,267,37828,135,7209,267,45037,California
Kern,2021-02-01,2407,54666,818,26710,1589,27956,0,0,1857,39139,547,7756,1858,46895,California
Kern,2021-02-02,2923,57589,973,27683,1950,29906,0,0,2060,40337,863,8619,2061,48956,California
Kern,2021-02-03,3653,61242,1548,29231,2105,32011,0,0,2686,42063,960,9579,2686,51642,California
Kern,2021-02-04,3801,65043,1450,30681,2351,34362,0,0,2586,43445,1204,10783,2586,54228,California
Kern,2021-02-05,4849,69892,1990,32671,2859,37221,0,0,3091,44797,1739,12522,3091,57319,California
Kern,2021-02-06,1735,71627,766,33437,969,38190,0,0,1512,46089,220,12742,1512,58831,California
Kern,2021-02-07,283,71910,150,33587,133,38323,0,0,267,46342,14,12756,267,59098,California
Kern,2021-02-08,2562,74472,788,34375,1774,40097,0,0,1257,46313,1287,14043,1258,60356,California
Kern,2021-02-09,3037,77509,986,35361,2051,42148,0,0,1467,46217,1563,15606,1467,61823,California
Kern,2021-02-10,3782,81291,1656,37017,2126,44274,0,0,1895,46242,1871,17477,1896,63719,California
Kern,2021-02-11,4257,85548,1538,38555,2719,46993,0,0,2227,46452,2017,19494,2227,65946,California
Kern,2021-02-12,4947,90495,1890,40445,3057,50050,0,0,2482,46483,2451,21945,2482,68428,California
Kern,2021-02-13,2009,92504,726,41171,1283,51333,0,0,1166,46808,841,22786,1166,69594,California
Kern,2021-02-14,351,92855,12,41183,339,51672,0,0,270,46998,80,22866,270,69864,California
Kern,2021-02-15,2738,95593,889,42072,1849,53521,0,0,1209,46686,1521,24387,1209,71073,California
Kern,2021-02-16,2946,98539,719,42791,2227,55748,0,0,1656,47063,1280,25667,1657,72730,California
Kern,2021-02-17,4064,102603,2075,44866,1989,57737,0,0,1929,46863,2130,27797,1930,74660,California
Kern,2021-02-18,3750,106353,1477,46343,2273,60010,0,0,1619,46364,2118,29915,1619,76279,California
Kern,2021-02-19,4195,110548,1916,48259,2279,62289,0,0,1739,45655,2448,32363,1739,78018,California
Kern,2021-02-20,2572,113120,968,49227,1604,63893,0,0,1340,45766,1229,33592,1340,79358,California
Kern,2021-02-21,247,113367,141,49368,106,63999,0,0,86,45693,159,33751,86,79444,California
Kern,2021-02-22,2656,116023,1148,50516,1508,65507,0,0,1424,45890,1227,34978,1424,80868,California
Kern,2021-02-23,3537,119560,1119,51635,2418,67925,0,0,1975,46306,1560,36538,1976,82844,California
Kern,2021-02-24,5159,124719,2267,53902,2892,70817,0,0,3075,47301,2080,38618,3075,85919,California
Kern,2021-02-25,5352,130071,2445,56347,2907,73724,0,0,3176,48319,2158,40776,3176,89095,California
Kern,2021-02-26,6883,136954,3518,59865,3365,77089,0,0,4357,50158,2519,43295,4358,93453,California
Kern,2021-02-27,3852,140806,1892,61757,1960,79049,0,0,2518,51349,1327,44622,2518,95971,California
Kern,2021-02-28,905,141711,497,62254,408,79457,0,0,688,51822,215,44837,688,96659,California
Kern,2021-03-01,3981,145692,1804,64058,2176,81633,1,1,2690,53230,1283,46120,2691,99350,California
Kern,2021-03-02,4371,150063,1373,65431,2997,84630,1,2,2866,54602,1494,47614,2866,102216,California
Kern,2021-03-03,5791,155854,2696,68127,3095,87725,0,2,3705,56236,2072,49686,3706,105922,California
Kern,2021-03-04,5542,161396,2151,70278,3388,91113,3,5,3552,57813,1977,51663,3554,109476,California
Kern,2021-03-05,6458,167854,2665,72943,3776,94889,17,22,4039,59457,2412,54075,4056,113532,California
Kern,2021-03-06,4710,172564,1910,74853,2699,97588,101,123,3445,61745,1257,55332,3545,117077,California
Kern,2021-03-07,2042,174606,1584,76437,410,97998,48,171,1852,63456,189,55521,1900,118977,California
Kern,2021-03-08,2802,177408,851,77288,1738,99736,213,384,1457,63782,1342,56863,1668,120645,California
Kern,2021-03-09,3620,181028,785,78073,2452,102188,383,767,2227,65002,1388,58251,2608,123253,California
Kern,2021-03-10,6018,187046,2463,80536,2484,104672,1071,1838,3500,67064,2507,60758,4569,127822,California
Kern,2021-03-11,6279,193325,2404,82940,2849,107521,1026,2864,3728,69275,2540,63298,4751,132573,California
Kern,2021-03-12,7656,200981,2918,85858,3386,110907,1352,4216,4151,71274,3495,66793,5494,138067,California
Kern,2021-03-13,4422,205403,2300,88158,1787,112694,335,4551,3004,73194,1413,68206,3333,141400,California
Kern,2021-03-14,2264,207667,1413,89571,611,113305,240,4791,1746,74662,515,68721,1983,143383,California
Kern,2021-03-15,4240,211907,1080,90651,2447,115752,713,5504,2174,75491,2055,70776,2884,146267,California
Kern,2021-03-16,4323,216230,1000,91651,2795,118547,528,6032,2321,76344,1993,72769,2846,149113,California
Kern,2021-03-17,7225,223455,3795,95446,2873,121420,557,6589,4291,78267,2924,75693,4847,153960,California
Kern,2021-03-18,6963,230418,3381,98827,3003,124423,579,7168,4138,80174,2806,78499,4713,158673,California
Kern,2021-03-19,8724,239142,4747,103574,3327,127750,650,7818,4526,81160,4184,82683,5170,163843,California
Kern,2021-03-20,5935,245077,3588,107162,2174,129924,173,7991,3813,83034,2113,84796,3987,167830,California
Kern,2021-03-21,2860,247937,1748,108910,235,130159,877,8868,1681,84418,1174,85970,2558,170388,California
Kern,2021-03-22,3917,251854,1517,110427,2044,132203,356,9224,1900,84665,2009,87979,2256,172644,California
Kern,2021-03-23,4685,256539,1645,112072,2842,135045,198,9422,2482,85168,2174,90153,2677,175321,California
Kern,2021-03-24,6982,263521,3499,115571,3010,138055,473,9895,3658,85987,3310,93463,4129,179450,California
Kern,2021-03-25,6612,270133,2878,118449,3406,141461,328,10223,3269,86255,3327,96790,3595,183045,California
Kern,2021-03-26,9462,279595,4146,122595,4060,145521,1256,11479,4659,87382,4787,101577,5914,188959,California
Kern,2021-03-27,5439,285034,3739,126334,1574,147095,126,11605,3304,88680,2132,103709,3430,192389,California
Kern,2021-03-28,4282,289316,3797,130131,471,147566,14,11619,2737,89887,1544,105253,2751,195140,California
Kern,2021-03-29,4185,293501,1634,131765,2273,149839,278,11897,2609,91208,1565,106818,2886,198026,California
Kern,2021-03-30,5451,298952,1811,133576,3307,153146,333,12230,3065,92222,2382,109200,3396,201422,California
Kern,2021-03-31,8047,306999,4237,137813,3165,156311,645,12875,4264,93355,3773,112973,4906,206328,California
Kern,2021-04-01,7573,314572,3628,141441,3651,159962,294,13169,4090,94264,3472,116445,4381,210709,California
Kern,2021-04-02,8113,322685,4181,145622,3328,163290,604,13773,4074,94914,4025,120470,4675,215384,California
Kern,2021-04-03,5666,328351,3374,148996,2111,165401,181,13954,2585,94602,3076,123546,2764,218148,California
Kern,2021-04-04,1333,329684,867,149863,382,165783,84,14038,551,94458,779,124325,635,218783,California
Kern,2021-04-05,5289,334973,2180,152043,2348,168131,761,14799,2862,95649,2415,126740,3606,222389,California
Kern,2021-04-06,6851,341824,2433,154476,3206,171337,1212,16011,3577,97181,3256,129996,4788,227177,California
Kern,2021-04-07,9212,351036,5369,159845,2892,174229,951,16962,4632,98197,4566,134562,5582,232759,California
Kern,2021-04-08,8550,359586,4729,164574,2925,177154,896,17858,3920,98402,4611,139173,4816,237575,California
Kern,2021-04-09,9792,369378,5079,169653,3732,180886,981,18839,4367,98343,5405,144578,5346,242921,California
Kern,2021-04-10,6522,375900,3430,173083,1855,182741,1237,20076,2306,97671,4209,148787,3537,246458,California
Kern,2021-04-11,3763,379663,2888,175971,357,183098,518,20594,1427,97288,2326,151113,1943,248401,California
Kern,2021-04-12,4343,384006,978,176949,2400,185498,965,21559,1572,97067,2757,153870,2536,250937,California
Kern,2021-04-13,4257,388263,1408,178357,2824,188322,25,21584,2126,97098,2121,155991,2152,253089,California
Kern,2021-04-14,5998,394261,2947,181304,3029,191351,22,21606,3054,97245,2928,158919,3075,256164,California
Kern,2021-04-15,5164,399425,2435,183739,2727,194078,2,21608,2495,97086,2656,161575,2497,258661,California
Kern,2021-04-16,6907,406332,3405,187144,3502,197580,0,21608,3033,96267,3853,165428,3034,261695,California
Kern,2021-04-17,5891,412223,3848,190992,2043,199623,0,21608,2257,94903,3622,169050,2258,263953,California
Kern,2021-04-18,3611,415834,3375,194367,236,199859,0,21608,1068,93433,2538,171588,1068,265021,California
Kern,2021-04-19,3799,419633,1726,196093,2072,201931,1,21609,1441,92534,2340,173928,1441,266462,California
Kern,2021-04-20,4248,423881,1520,197613,2727,204658,1,21610,1633,91570,2599,176527,1635,268097,California
Kern,2021-04-21,5756,429637,3087,200700,2665,207323,4,21614,2243,90323,3493,180020,2246,270343,California
Kern,2021-04-22,4715,434352,2287,202987,2428,209751,0,21614,1738,89104,2959,182979,1740,272083,California
Kern,2021-04-23,5508,439860,2872,205859,2635,212386,1,21615,1857,87341,3622,186601,1859,273942,California
Kern,2021-04-24,3490,443350,2541,208400,939,213325,10,21625,1304,86481,2174,188775,1314,275256,California
Kern,2021-04-25,996,444346,746,209146,250,213575,0,21625,551,86593,439,189214,551,275807,California
Kern,2021-04-26,2981,447327,1398,210544,1538,215113,45,21670,859,85383,2115,191329,905,276712,California
Kern,2021-04-27,2537,449864,1403,211947,1090,216203,44,21714,671,84238,1857,193186,712,277424,California
Kings,2020-12-16,1,1,1,1,0,0,0,0,1,1,0,0,1,1,California
Kings,2020-12-17,8,9,8,9,0,0,0,0,8,9,0,0,8,9,California
Kings,2020-12-18,12,21,12,21,0,0,0,0,12,21,0,0,12,21,California
Kings,2020-12-19,11,32,11,32,0,0,0,0,11,32,0,0,11,32,California
Kings,2020-12-20,13,45,13,45,0,0,0,0,13,45,0,0,13,45,California
Kings,2020-12-21,156,201,156,201,0,0,0,0,271,316,0,0,271,316,California
Kings,2020-12-22,143,344,143,344,0,0,0,0,140,456,0,0,140,456,California
Kings,2020-12-23,134,478,122,466,12,12,0,0,135,591,0,0,135,591,California
Kings,2020-12-24,11,489,9,475,2,14,0,0,11,602,0,0,11,602,California
Kings,2020-12-26,7,496,4,479,3,17,0,0,7,609,0,0,7,609,California
Kings,2020-12-27,4,500,4,483,0,17,0,0,4,613,0,0,4,613,California
Kings,2020-12-28,131,631,103,586,28,45,0,0,132,745,0,0,132,745,California
Kings,2020-12-29,78,709,51,637,27,72,0,0,79,824,0,0,79,824,California
Kings,2020-12-30,147,856,108,745,39,111,0,0,147,971,0,0,147,971,California
Kings,2020-12-31,44,900,6,751,38,149,0,0,44,1015,0,0,44,1015,California
Kings,2021-01-01,1,901,0,751,1,150,0,0,1,1016,0,0,1,1016,California
Kings,2021-01-02,10,911,9,760,1,151,0,0,10,1026,0,0,10,1026,California
Kings,2021-01-04,112,1023,42,802,70,221,0,0,112,1138,0,0,112,1138,California
Kings,2021-01-05,196,1219,39,841,157,378,0,0,196,1334,0,0,196,1334,California
Kings,2021-01-06,276,1495,177,1018,99,477,0,0,273,1604,3,3,273,1607,California
Kings,2021-01-07,178,1673,81,1099,97,574,0,0,170,1766,8,11,170,1777,California
Kings,2021-01-08,247,1920,54,1153,193,767,0,0,228,1975,19,30,228,2005,California
Kings,2021-01-09,63,1983,9,1162,54,821,0,0,55,2022,8,38,55,2060,California
Kings,2021-01-10,15,1998,3,1165,12,833,0,0,12,2031,3,41,12,2072,California
Kings,2021-01-11,520,2518,356,1521,164,997,0,0,276,2064,244,285,277,2349,California
Kings,2021-01-12,350,2868,253,1774,97,1094,0,0,216,2149,131,416,216,2565,California
Kings,2021-01-13,414,3282,267,2041,147,1241,0,0,323,2381,91,507,323,2888,California
Kings,2021-01-14,208,3490,31,2072,177,1418,0,0,198,2559,21,528,199,3087,California
Kings,2021-01-15,415,3905,29,2101,386,1804,0,0,403,2950,12,540,403,3490,California
Kings,2021-01-16,31,3936,12,2113,19,1823,0,0,30,2979,1,541,30,3520,California
Kings,2021-01-17,8,3944,5,2118,3,1826,0,0,6,2983,2,543,6,3526,California
Kings,2021-01-18,172,4116,40,2158,132,1958,0,0,146,3103,26,569,146,3672,California
Kings,2021-01-19,376,4492,158,2316,218,2176,0,0,248,3223,128,697,248,3920,California
Kings,2021-01-20,224,4716,134,2450,90,2266,0,0,119,3241,101,798,119,4039,California
Kings,2021-01-21,186,4902,32,2482,154,2420,0,0,172,3397,16,814,172,4211,California
Kings,2021-01-22,125,5027,38,2520,87,2507,0,0,125,3517,5,819,125,4336,California
Kings,2021-01-23,26,5053,14,2534,12,2519,0,0,20,3531,6,825,20,4356,California
Kings,2021-01-24,4,5057,4,2538,0,2519,0,0,2,3531,2,827,2,4358,California
Kings,2021-01-25,124,5181,26,2564,98,2617,0,0,90,3587,34,861,90,4448,California
Kings,2021-01-26,154,5335,35,2599,119,2736,0,0,115,3663,39,900,115,4563,California
Kings,2021-01-27,319,5654,34,2633,285,3021,0,0,249,3843,69,969,249,4812,California
Kings,2021-01-28,325,5979,46,2679,279,3300,0,0,271,4060,54,1023,271,5083,California
Kings,2021-01-29,86,6065,26,2705,60,3360,0,0,69,4112,17,1040,69,5152,California
Kings,2021-01-30,1556,7621,31,2736,1525,4885,0,0,1553,5664,3,1043,1555,6707,California
Kings,2021-02-01,199,7820,64,2800,135,5020,0,0,72,5611,125,1168,72,6779,California
Kings,2021-02-02,226,8046,14,2814,212,5232,0,0,82,5550,143,1311,82,6861,California
Kings,2021-02-03,358,8404,192,3006,166,5398,0,0,203,5599,154,1465,203,7064,California
Kings,2021-02-04,395,8799,98,3104,297,5695,0,0,199,5603,195,1660,199,7263,California
Kings,2021-02-05,257,9056,14,3118,243,5938,0,0,102,5552,153,1813,102,7365,California
Kings,2021-02-06,60,9116,10,3128,50,5988,0,0,27,5546,33,1846,27,7392,California
Kings,2021-02-07,5,9121,3,3131,2,5990,0,0,3,5547,2,1848,3,7395,California
Kings,2021-02-08,170,9291,29,3160,141,6131,0,0,68,5513,102,1950,68,7463,California
Kings,2021-02-09,253,9544,57,3217,196,6327,0,0,110,5482,141,2091,110,7573,California
Kings,2021-02-10,286,9830,112,3329,174,6501,0,0,173,5542,113,2204,173,7746,California
Kings,2021-02-11,429,10259,65,3394,364,6865,0,0,318,5750,110,2314,318,8064,California
Kings,2021-02-12,611,10870,36,3430,575,7440,0,0,340,5819,271,2585,340,8404,California
Kings,2021-02-13,103,10973,6,3436,97,7537,0,0,78,5872,25,2610,78,8482,California
Kings,2021-02-14,102,11075,4,3440,98,7635,0,0,94,5958,8,2618,94,8576,California
Kings,2021-02-15,246,11321,5,3445,241,7876,0,0,137,5987,108,2726,137,8713,California
Kings,2021-02-16,484,11805,33,3478,451,8327,0,0,250,6004,233,2959,250,8963,California
Kings,2021-02-17,378,12183,22,3500,356,8683,0,0,241,6109,137,3096,242,9205,California
Kings,2021-02-18,155,12338,23,3523,132,8815,0,0,98,6150,57,3153,98,9303,California
Kings,2021-02-19,157,12495,22,3545,135,8950,0,0,101,6198,53,3206,101,9404,California
Kings,2021-02-20,171,12666,40,3585,131,9081,0,0,134,6295,37,3243,134,9538,California
Kings,2021-02-21,3,12669,2,3587,1,9082,0,0,3,6298,0,3243,3,9541,California
Kings,2021-02-22,110,12779,19,3606,91,9173,0,0,51,6290,59,3302,51,9592,California
Kings,2021-02-23,296,13075,69,3675,227,9400,0,0,179,6352,117,3419,179,9771,California
Kings,2021-02-24,591,13666,153,3828,438,9838,0,0,379,6519,212,3631,379,10150,California
Kings,2021-02-25,662,14328,112,3940,550,10388,0,0,444,6747,216,3847,444,10594,California
Kings,2021-02-26,657,14985,129,4069,528,10916,0,0,594,7279,62,3909,594,11188,California
Kings,2021-02-27,1498,16483,62,4131,1436,12352,0,0,564,6910,933,4842,564,11752,California
Kings,2021-02-28,1169,17652,594,4725,575,12927,0,0,671,7086,495,5337,671,12423,California
Kings,2021-03-01,256,17908,77,4802,179,13106,0,0,211,7252,45,5382,211,12634,California
Kings,2021-03-02,470,18378,206,5008,264,13370,0,0,420,7623,50,5432,421,13055,California
Kings,2021-03-03,622,19000,299,5307,323,13693,0,0,435,7872,186,5618,435,13490,California
Kings,2021-03-04,713,19713,342,5649,371,14064,0,0,617,8394,96,5714,618,14108,California
Kings,2021-03-05,1006,20719,349,5998,648,14712,9,9,890,9178,116,5830,900,15008,California
Kings,2021-03-06,509,21228,183,6181,313,15025,13,22,480,9642,29,5859,493,15501,California
Kings,2021-03-07,366,21594,225,6406,137,15162,4,26,358,9996,8,5867,362,15863,California
Kings,2021-03-08,349,21943,97,6503,199,15361,53,79,240,10179,109,5976,292,16155,California
Kings,2021-03-09,516,22459,238,6741,223,15584,55,134,410,10539,106,6082,466,16621,California
Kings,2021-03-10,501,22960,123,6864,287,15871,91,225,319,10767,181,6263,409,17030,California
Kings,2021-03-11,1018,23978,305,7169,603,16474,110,335,613,11087,403,6666,723,17753,California
Kings,2021-03-12,1295,25273,391,7560,810,17284,94,429,894,11677,400,7066,990,18743,California
Kings,2021-03-13,672,25945,332,7892,296,17580,44,473,545,12140,127,7193,590,19333,California
Kings,2021-03-14,671,26616,101,7993,184,17764,386,859,200,12255,471,7664,586,19919,California
Kings,2021-03-15,652,27268,217,8210,320,18084,115,974,416,12553,235,7899,533,20452,California
Kings,2021-03-16,1039,28307,439,8649,539,18623,61,1035,703,12981,336,8235,764,21216,California
Kings,2021-03-17,1085,29392,415,9064,609,19232,61,1096,768,13500,317,8552,836,22052,California
Kings,2021-03-18,1098,30490,466,9530,410,19642,222,1318,766,14160,331,8883,991,23043,California
Kings,2021-03-19,931,31421,468,9998,378,20020,85,1403,714,14755,217,9100,812,23855,California
Kings,2021-03-20,622,32043,255,10253,337,20357,30,1433,449,15070,171,9271,486,24341,California
Kings,2021-03-21,1400,33443,1085,11338,304,20661,11,1444,847,15375,553,9824,858,25199,California
Kings,2021-03-22,450,33893,203,11541,163,20824,84,1528,276,15565,174,9998,364,25563,California
Kings,2021-03-23,897,34790,492,12033,342,21166,63,1591,574,15884,321,10319,640,26203,California
Kings,2021-03-24,915,35705,474,12507,418,21584,23,1614,509,16014,404,10723,534,26737,California
Kings,2021-03-25,885,36590,440,12947,419,22003,26,1640,443,16043,440,11163,469,27206,California
Kings,2021-03-26,1280,37870,374,13321,821,22824,85,1725,527,15907,748,11911,612,27818,California
Kings,2021-03-27,616,38486,245,13566,359,23183,12,1737,170,15645,444,12355,182,28000,California
Kings,2021-03-28,547,39033,476,14042,64,23247,7,1744,342,15797,205,12560,357,28357,California
Kings,2021-03-29,456,39489,201,14243,195,23442,60,1804,251,15904,203,12763,310,28667,California
Kings,2021-03-30,829,40318,457,14700,334,23776,38,1842,415,15944,413,13176,453,29120,California
Kings,2021-03-31,721,41039,374,15074,283,24059,64,1906,415,16124,299,13475,479,29599,California
Kings,2021-04-01,747,41786,375,15449,293,24352,79,1985,342,16146,399,13874,421,30020,California
Kings,2021-04-02,970,42756,419,15868,429,24781,122,2107,425,16152,540,14414,546,30566,California
Kings,2021-04-03,471,43227,327,16195,136,24917,8,2115,159,16015,306,14720,169,30735,California
Kings,2021-04-04,156,43383,82,16277,68,24985,6,2121,44,15954,111,14831,50,30785,California
Kings,2021-04-05,1043,44426,320,16597,473,25458,250,2371,253,15668,789,15620,503,31288,California
Kings,2021-04-06,1178,45604,446,17043,425,25883,307,2678,295,15389,880,16500,601,31889,California
Kings,2021-04-07,1336,46940,637,17680,515,26398,184,2862,412,15063,922,17422,596,32485,California
Kings,2021-04-08,1592,48532,627,18307,713,27111,252,3114,363,14456,1222,18644,615,33100,California
Kings,2021-04-09,1103,49635,523,18830,406,27517,174,3288,237,14001,864,19508,409,33509,California
Kings,2021-04-10,590,50225,328,19158,160,27677,102,3390,178,13870,411,19919,280,33789,California
Kings,2021-04-11,322,50547,74,19232,242,27919,6,3396,190,13934,132,20051,196,33985,California
Kings,2021-04-12,691,51238,307,19539,186,28105,198,3594,189,13821,500,20551,387,34372,California
Kings,2021-04-13,874,52112,502,20041,372,28477,0,3594,283,13519,590,21141,288,34660,California
Kings,2021-04-14,1017,53129,563,20604,454,28931,0,3594,369,13241,648,21789,370,35030,California
Kings,2021-04-15,1017,54146,496,21100,520,29451,1,3595,454,13134,562,22351,455,35485,California
Kings,2021-04-16,765,54911,360,21460,405,29856,0,3595,268,12906,496,22847,268,35753,California
Kings,2021-04-17,454,55365,241,21701,213,30069,0,3595,198,12849,255,23102,198,35951,California
Kings,2021-04-18,547,55912,237,21938,310,30379,0,3595,69,12440,478,23580,69,36020,California
Kings,2021-04-19,523,56435,288,22226,233,30612,2,3597,285,12489,236,23816,285,36305,California
Kings,2021-04-20,726,57161,439,22665,287,30899,0,3597,241,12247,483,24299,241,36546,California
Kings,2021-04-21,628,57789,303,22968,325,31224,0,3597,220,12064,403,24702,220,36766,California
Kings,2021-04-22,554,58343,279,23247,275,31499,0,3597,211,11937,339,25041,212,36978,California
Kings,2021-04-23,634,58977,277,23524,357,31856,0,3597,316,11939,314,25355,316,37294,California
Kings,2021-04-24,190,59167,127,23651,62,31918,1,3598,95,11941,94,25449,96,37390,California
Kings,2021-04-25,146,59313,128,23779,18,31936,0,3598,114,12023,32,25481,114,37504,California
Kings,2021-04-26,260,59573,126,23905,130,32066,4,3602,163,12094,96,25577,167,37671,California
Kings,2021-04-27,204,59777,63,23968,132,32198,9,3611,70,12040,133,25710,79,37750,California
Lake,2020-12-17,4,4,4,4,0,0,0,0,4,4,0,0,4,4,California
Lake,2020-12-18,51,55,51,55,0,0,0,0,51,55,0,0,51,55,California
Lake,2020-12-19,3,58,3,58,0,0,0,0,3,58,0,0,3,58,California
Lake,2020-12-20,6,64,6,64,0,0,0,0,6,64,0,0,6,64,California
Lake,2020-12-21,86,150,86,150,0,0,0,0,86,150,0,0,86,150,California
Lake,2020-12-22,63,213,60,210,3,3,0,0,63,213,0,0,63,213,California
Lake,2020-12-23,123,336,114,324,9,12,0,0,123,336,0,0,123,336,California
Lake,2020-12-24,2,338,0,324,2,14,0,0,2,338,0,0,2,338,California
Lake,2020-12-26,2,340,2,326,0,14,0,0,2,340,0,0,2,340,California
Lake,2020-12-27,2,342,2,328,0,14,0,0,2,342,0,0,2,342,California
Lake,2020-12-28,52,394,43,371,9,23,0,0,52,394,0,0,52,394,California
Lake,2020-12-29,49,443,44,415,5,28,0,0,49,443,0,0,49,443,California
Lake,2020-12-30,124,567,117,532,7,35,0,0,124,567,0,0,124,567,California
Lake,2020-12-31,67,634,64,596,3,38,0,0,67,634,0,0,67,634,California
Lake,2021-01-01,1,635,0,596,1,39,0,0,1,635,0,0,1,635,California
Lake,2021-01-02,2,637,1,597,1,40,0,0,2,637,0,0,2,637,California
Lake,2021-01-04,87,724,21,618,66,106,0,0,87,724,0,0,87,724,California
Lake,2021-01-05,119,843,59,677,60,166,0,0,117,839,2,2,117,841,California
Lake,2021-01-06,105,948,65,742,40,206,0,0,103,940,2,4,103,944,California
Lake,2021-01-07,104,1052,83,825,21,227,0,0,95,1026,9,13,95,1039,California
Lake,2021-01-08,152,1204,124,949,28,255,0,0,100,1074,52,65,100,1139,California
Lake,2021-01-09,63,1267,61,1010,2,257,0,0,59,1129,4,69,59,1198,California
Lake,2021-01-10,3,1270,3,1013,0,257,0,0,0,1126,3,72,0,1198,California
Lake,2021-01-11,192,1462,151,1164,41,298,0,0,112,1158,80,152,112,1310,California
Lake,2021-01-12,80,1542,48,1212,32,330,0,0,56,1190,24,176,56,1366,California
Lake,2021-01-13,164,1706,112,1324,52,382,0,0,107,1240,57,233,107,1473,California
Lake,2021-01-14,147,1853,46,1370,101,483,0,0,125,1343,22,255,125,1598,California
Lake,2021-01-15,215,2068,92,1462,123,606,0,0,188,1504,27,282,188,1786,California
Lake,2021-01-16,134,2202,81,1543,53,659,0,0,132,1634,2,284,132,1918,California
Lake,2021-01-17,18,2220,6,1549,12,671,0,0,12,1640,6,290,12,1930,California
Lake,2021-01-18,244,2464,224,1773,20,691,0,0,126,1648,118,408,126,2056,California
Lake,2021-01-19,311,2775,117,1890,194,885,0,0,266,1870,45,453,267,2323,California
Lake,2021-01-20,421,3196,80,1970,341,1226,0,0,357,2164,63,516,357,2680,California
Lake,2021-01-21,433,3629,49,2019,384,1610,0,0,398,2527,35,551,398,3078,California
Lake,2021-01-22,318,3947,46,2065,272,1882,0,0,282,2773,36,587,282,3360,California
Lake,2021-01-23,122,4069,5,2070,117,1999,0,0,121,2893,1,588,121,3481,California
Lake,2021-01-24,4,4073,1,2071,3,2002,0,0,4,2897,0,588,4,3485,California
Lake,2021-01-25,257,4330,95,2166,162,2164,0,0,176,2992,81,669,176,3661,California
Lake,2021-01-26,428,4758,36,2202,392,2556,0,0,405,3374,23,692,405,4066,California
Lake,2021-01-27,357,5115,39,2241,318,2874,0,0,330,3678,27,719,331,4397,California
Lake,2021-01-28,500,5615,160,2401,340,3214,0,0,372,3922,128,847,372,4769,California
Lake,2021-01-29,637,6252,83,2484,554,3768,0,0,577,4439,60,907,577,5346,California
Lake,2021-01-30,556,6808,45,2529,511,4279,0,0,550,4983,6,913,550,5896,California
Lake,2021-01-31,14,6822,8,2537,6,4285,0,0,12,4993,2,915,12,5908,California
Lake,2021-02-01,179,7001,18,2555,161,4446,0,0,166,5146,13,928,166,6074,California
Lake,2021-02-02,563,7564,153,2708,410,4856,0,0,398,5379,165,1093,398,6472,California
Lake,2021-02-03,445,8009,33,2741,412,5268,0,0,340,5614,105,1198,340,6812,California
Lake,2021-02-04,118,8127,68,2809,50,5318,0,0,72,5640,46,1244,72,6884,California
Lake,2021-02-05,377,8504,69,2878,308,5626,0,0,288,5841,87,1331,288,7172,California
Lake,2021-02-06,275,8779,40,2918,235,5861,0,0,264,6094,11,1342,264,7436,California
Lake,2021-02-07,2,8781,1,2919,1,5862,0,0,2,6096,0,1342,2,7438,California
Lake,2021-02-08,279,9060,206,3125,73,5935,0,0,160,6137,119,1461,160,7598,California
Lake,2021-02-09,347,9407,25,3150,322,6257,0,0,303,6397,43,1504,303,7901,California
Lake,2021-02-10,350,9757,54,3204,296,6553,0,0,274,6595,76,1580,274,8175,California
Lake,2021-02-11,169,9926,18,3222,151,6704,0,0,56,6538,113,1693,56,8231,California
Lake,2021-02-12,375,10301,28,3250,347,7051,0,0,289,6741,86,1779,289,8520,California
Lake,2021-02-13,249,10550,9,3259,240,7291,0,0,238,6968,11,1790,238,8758,California
Lake,2021-02-14,19,10569,4,3263,15,7306,0,0,6,6961,13,1803,6,8764,California
Lake,2021-02-15,172,10741,13,3276,159,7465,0,0,8,6806,163,1966,8,8772,California
Lake,2021-02-16,420,11161,22,3298,398,7863,0,0,174,6734,246,2212,174,8946,California
Lake,2021-02-17,351,11512,54,3352,297,8160,0,0,70,6524,280,2492,70,9016,California
Lake,2021-02-18,456,11968,69,3421,387,8547,0,0,114,6296,342,2834,114,9130,California
Lake,2021-02-19,414,12382,25,3446,389,8936,0,0,89,6060,325,3159,89,9219,California
Lake,2021-02-20,294,12676,60,3506,234,9170,0,0,251,6269,42,3201,251,9470,California
Lake,2021-02-21,6,12682,6,3512,0,9170,0,0,0,6263,6,3207,0,9470,California
Lake,2021-02-22,140,12822,24,3536,116,9286,0,0,43,6209,97,3304,43,9513,California
Lake,2021-02-23,212,13034,15,3551,197,9483,0,0,26,6049,186,3490,26,9539,California
Lake,2021-02-24,957,13991,379,3930,578,10061,0,0,419,5931,537,4027,419,9958,California
Lake,2021-02-25,732,14723,463,4393,269,10330,0,0,471,6143,259,4286,471,10429,California
Lake,2021-02-26,994,15717,304,4697,690,11020,0,0,348,5848,643,4929,348,10777,California
Lake,2021-02-27,410,16127,97,4794,313,11333,0,0,328,6094,82,5011,328,11105,California
Lake,2021-02-28,18,16145,12,4806,6,11339,0,0,10,6096,8,5019,10,11115,California
Lake,2021-03-01,594,16739,52,4858,542,11881,0,0,442,6386,152,5171,442,11557,California
Lake,2021-03-02,744,17483,18,4876,726,12607,0,0,291,6223,454,5625,291,11848,California
Lake,2021-03-03,359,17842,196,5072,163,12770,0,0,135,6134,224,5849,135,11983,California
Lake,2021-03-04,577,18419,509,5581,68,12838,0,0,562,6681,15,5864,562,12545,California
Lake,2021-03-05,1037,19456,40,5621,997,13835,0,0,174,5996,859,6723,174,12719,California
Lake,2021-03-06,36,19492,11,5632,24,13859,1,1,21,6003,15,6738,22,12741,California
Lake,2021-03-07,7,19499,5,5637,2,13861,0,1,4,6004,3,6741,4,12745,California
Lake,2021-03-08,338,19837,267,5904,62,13923,9,10,298,6271,40,6781,307,13052,California
Lake,2021-03-09,917,20754,29,5933,871,14794,17,27,392,6156,524,7305,409,13461,California
Lake,2021-03-10,202,20956,60,5993,129,14923,13,40,135,6237,67,7372,148,13609,California
Lake,2021-03-11,584,21540,47,6040,62,14985,475,515,49,6226,535,7907,524,14133,California
Lake,2021-03-12,858,22398,205,6245,629,15614,24,539,365,6123,492,8399,389,14522,California
Lake,2021-03-13,278,22676,21,6266,20,15634,237,776,16,6114,261,8660,252,14774,California
Lake,2021-03-14,11,22687,2,6268,9,15643,0,776,7,6117,4,8664,7,14781,California
Lake,2021-03-15,642,23329,14,6282,611,16254,17,793,483,6458,159,8823,500,15281,California
Lake,2021-03-16,1115,24444,836,7118,262,16516,17,810,450,6263,661,9484,466,15747,California
Lake,2021-03-17,246,24690,121,7239,103,16619,22,832,89,6217,157,9641,111,15858,California
Lake,2021-03-18,751,25441,373,7612,341,16960,37,869,374,6251,376,10017,410,16268,California
Lake,2021-03-19,581,26022,315,7927,246,17206,20,889,479,6649,101,10118,499,16767,California
Lake,2021-03-20,249,26271,8,7935,238,17444,3,892,30,6465,217,10335,33,16800,California
Lake,2021-03-21,17,26288,11,7946,5,17449,1,893,12,6473,5,10340,13,16813,California
Lake,2021-03-22,320,26608,240,8186,66,17515,14,907,235,6637,85,10425,249,17062,California
Lake,2021-03-23,416,27024,18,8204,385,17900,13,920,355,6945,60,10485,368,17430,California
Lake,2021-03-24,413,27437,61,8265,344,18244,8,928,317,7176,95,10580,326,17756,California
Lake,2021-03-25,658,28095,468,8733,184,18428,6,934,174,6872,484,11064,180,17936,California
Lake,2021-03-26,71,28166,33,8766,37,18465,1,935,49,6900,22,11086,50,17986,California
Lake,2021-03-27,309,28475,7,8773,299,18764,3,938,17,6630,290,11376,20,18006,California
Lake,2021-03-28,16,28491,7,8780,9,18773,0,938,10,6634,6,11382,10,18016,California
Lake,2021-03-29,899,29390,269,9049,628,19401,2,940,193,6125,704,12086,195,18211,California
Lake,2021-03-30,452,29842,304,9353,146,19547,2,942,366,6408,85,12171,368,18579,California
Lake,2021-03-31,582,30424,60,9413,521,20068,1,943,416,6667,158,12329,417,18996,California
Lake,2021-04-01,429,30853,224,9637,193,20261,12,955,181,6615,245,12574,193,19189,California
Lake,2021-04-02,224,31077,43,9680,153,20414,28,983,101,6621,123,12697,129,19318,California
Lake,2021-04-03,30,31107,7,9687,20,20434,3,986,11,6616,19,12716,14,19332,California
Lake,2021-04-04,20,31127,10,9697,8,20442,2,988,15,6628,5,12721,17,19349,California
Lake,2021-04-05,634,31761,69,9766,546,20988,19,1007,396,6807,235,12956,414,19763,California
Lake,2021-04-06,472,32233,15,9781,431,21419,26,1033,300,6962,171,13127,326,20089,California
Lake,2021-04-07,515,32748,55,9836,410,21829,50,1083,350,7199,163,13290,400,20489,California
Lake,2021-04-08,597,33345,485,10321,45,21874,67,1150,102,6876,492,13782,169,20658,California
Lake,2021-04-09,283,33628,44,10365,170,22044,69,1219,49,6763,231,14013,118,20776,California
Lake,2021-04-10,253,33881,15,10380,14,22058,224,1443,11,6756,242,14255,235,21011,California
Lake,2021-04-11,22,33903,17,10397,3,22061,2,1445,7,6750,15,14270,9,21020,California
Lake,2021-04-12,1067,34970,231,10628,803,22864,33,1478,248,6213,818,15088,281,21301,California
Lake,2021-04-13,180,35150,109,10737,71,22935,0,1478,53,6139,127,15215,53,21354,California
Lake,2021-04-14,606,35756,36,10773,570,23505,0,1478,546,6625,60,15275,546,21900,California
Lake,2021-04-15,624,36380,176,10949,448,23953,0,1478,316,6633,308,15583,316,22216,California
Lake,2021-04-16,259,36639,25,10974,233,24186,1,1479,69,6514,189,15772,70,22286,California
Lake,2021-04-17,39,36678,10,10984,29,24215,0,1479,28,6531,11,15783,28,22314,California
Lake,2021-04-18,8,36686,5,10989,3,24218,0,1479,0,6523,8,15791,0,22314,California
Lake,2021-04-19,297,36983,40,11029,257,24475,0,1479,246,6718,51,15842,246,22560,California
Lake,2021-04-20,687,37670,274,11303,413,24888,0,1479,112,6257,574,16416,113,22673,California
Lake,2021-04-21,529,38199,62,11365,467,25355,0,1479,201,6131,327,16743,201,22874,California
Lake,2021-04-22,435,38634,44,11409,391,25746,0,1479,289,6274,146,16889,289,23163,California
Lake,2021-04-23,118,38752,63,11472,55,25801,0,1479,68,6292,50,16939,68,23231,California
Lake,2021-04-24,44,38796,12,11484,32,25833,0,1479,30,6308,14,16953,30,23261,California
Lake,2021-04-25,26,38822,14,11498,12,25845,0,1479,16,6315,9,16962,16,23277,California
Lake,2021-04-26,206,39028,57,11555,148,25993,1,1480,60,6230,146,17108,61,23338,California
Lake,2021-04-27,151,39179,7,11562,141,26134,3,1483,38,6158,113,17221,41,23379,California
Lassen,2020-12-16,8,8,8,8,0,0,0,0,8,8,0,0,8,8,California
Lassen,2020-12-17,6,14,6,14,0,0,0,0,6,14,0,0,6,14,California
Lassen,2020-12-18,1,15,1,15,0,0,0,0,1,15,0,0,1,15,California
Lassen,2020-12-19,5,20,5,20,0,0,0,0,5,20,0,0,5,20,California
Lassen,2020-12-20,2,22,2,22,0,0,0,0,2,22,0,0,2,22,California
Lassen,2020-12-21,11,33,11,33,0,0,0,0,11,33,0,0,11,33,California
Lassen,2020-12-22,23,56,23,56,0,0,0,0,23,56,0,0,23,56,California
Lassen,2020-12-23,6,62,6,62,0,0,0,0,6,62,0,0,6,62,California
Lassen,2020-12-24,11,73,11,73,0,0,0,0,11,73,0,0,11,73,California
Lassen,2020-12-28,3,76,2,75,1,1,0,0,3,76,0,0,3,76,California
Lassen,2020-12-29,35,111,35,110,0,1,0,0,35,111,0,0,35,111,California
Lassen,2020-12-30,37,148,36,146,1,2,0,0,37,148,0,0,37,148,California
Lassen,2020-12-31,49,197,42,188,7,9,0,0,49,197,0,0,49,197,California
Lassen,2021-01-02,1,198,0,188,1,10,0,0,1,198,0,0,1,198,California
Lassen,2021-01-04,15,213,1,189,14,24,0,0,15,213,0,0,15,213,California
Lassen,2021-01-05,194,407,53,242,141,165,0,0,194,407,0,0,194,407,California
Lassen,2021-01-06,93,500,42,284,51,216,0,0,85,485,8,8,86,493,California
Lassen,2021-01-07,43,543,7,291,36,252,0,0,37,516,6,14,37,530,California
Lassen,2021-01-08,50,593,2,293,48,300,0,0,50,566,0,14,50,580,California
Lassen,2021-01-09,12,605,6,299,6,306,0,0,12,578,0,14,12,592,California
Lassen,2021-01-11,27,632,5,304,22,328,0,0,27,605,0,14,27,619,California
Lassen,2021-01-12,49,681,29,333,20,348,0,0,30,616,19,33,30,649,California
Lassen,2021-01-13,161,842,18,351,143,491,0,0,146,747,15,48,146,795,California
Lassen,2021-01-14,163,1005,18,369,145,636,0,0,151,886,12,60,151,946,California
Lassen,2021-01-15,33,1038,6,375,27,663,0,0,33,919,0,60,33,979,California
Lassen,2021-01-16,34,1072,33,408,1,664,0,0,34,953,0,60,34,1013,California
Lassen,2021-01-17,1,1073,0,408,1,665,0,0,1,954,0,60,1,1014,California
Lassen,2021-01-18,5,1078,2,410,3,668,0,0,4,957,1,61,4,1018,California
Lassen,2021-01-19,185,1263,36,446,149,817,0,0,157,1086,28,89,157,1175,California
Lassen,2021-01-20,189,1452,101,547,88,905,0,0,105,1122,69,158,105,1280,California
Lassen,2021-01-21,144,1596,93,640,51,956,0,0,120,1224,18,176,120,1400,California
Lassen,2021-01-22,31,1627,18,658,13,969,0,0,21,1235,10,186,21,1421,California
Lassen,2021-01-23,2,1629,0,658,2,971,0,0,2,1237,0,186,2,1423,California
Lassen,2021-01-24,1,1630,0,658,1,972,0,0,1,1238,0,186,1,1424,California
Lassen,2021-01-25,11,1641,0,658,11,983,0,0,11,1249,0,186,11,1435,California
Lassen,2021-01-26,126,1767,12,670,114,1097,0,0,122,1367,4,190,122,1557,California
Lassen,2021-01-27,85,1852,33,703,52,1149,0,0,69,1420,16,206,69,1626,California
Lassen,2021-01-28,85,1937,14,717,71,1220,0,0,84,1503,1,207,84,1710,California
Lassen,2021-01-29,23,1960,7,724,16,1236,0,0,22,1524,1,208,22,1732,California
Lassen,2021-02-01,62,2022,4,728,58,1294,0,0,36,1534,26,234,36,1768,California
Lassen,2021-02-02,177,2199,12,740,165,1459,0,0,44,1445,133,367,44,1812,California
Lassen,2021-02-03,96,2295,21,761,75,1534,0,0,51,1451,45,412,51,1863,California
Lassen,2021-02-04,112,2407,15,776,97,1631,0,0,63,1465,49,461,63,1926,California
Lassen,2021-02-05,65,2472,12,788,53,1684,0,0,23,1446,42,503,23,1949,California
Lassen,2021-02-06,70,2542,35,823,35,1719,0,0,37,1451,32,535,37,1986,California
Lassen,2021-02-07,2,2544,2,825,0,1719,0,0,2,1453,0,535,2,1988,California
Lassen,2021-02-08,43,2587,4,829,39,1758,0,0,18,1446,25,560,18,2006,California
Lassen,2021-02-09,129,2716,8,837,121,1879,0,0,50,1417,79,639,50,2056,California
Lassen,2021-02-10,183,2899,21,858,162,2041,0,0,75,1384,108,747,75,2131,California
Lassen,2021-02-11,184,3083,16,874,168,2209,0,0,80,1361,103,850,80,2211,California
Lassen,2021-02-12,42,3125,11,885,31,2240,0,0,14,1347,28,878,14,2225,California
Lassen,2021-02-13,11,3136,3,888,8,2248,0,0,9,1354,2,880,9,2234,California
Lassen,2021-02-14,13,3149,0,888,13,2261,0,0,12,1365,1,881,12,2246,California
Lassen,2021-02-15,21,3170,2,890,19,2280,0,0,17,1378,4,885,17,2263,California
Lassen,2021-02-16,192,3362,4,894,188,2468,0,0,31,1250,159,1044,31,2294,California
Lassen,2021-02-17,184,3546,94,988,90,2558,0,0,11,1088,173,1217,11,2305,California
Lassen,2021-02-18,79,3625,22,1010,57,2615,0,0,20,1049,59,1276,20,2325,California
Lassen,2021-02-19,82,3707,62,1072,20,2635,0,0,18,1003,64,1340,18,2343,California
Lassen,2021-02-20,7,3714,0,1072,7,2642,0,0,5,1006,2,1342,5,2348,California
Lassen,2021-02-21,22,3736,2,1074,20,2662,0,0,18,1020,4,1346,18,2366,California
Lassen,2021-02-22,23,3759,8,1082,15,2677,0,0,5,1007,18,1364,5,2371,California
Lassen,2021-02-23,153,3912,10,1092,143,2820,0,0,41,936,112,1476,41,2412,California
Lassen,2021-02-24,166,4078,17,1109,149,2969,0,0,108,987,57,1533,108,2520,California
Lassen,2021-02-25,156,4234,19,1128,137,3106,0,0,99,1029,57,1590,99,2619,California
Lassen,2021-02-26,73,4307,16,1144,57,3163,0,0,36,1028,37,1627,36,2655,California
Lassen,2021-02-27,8,4315,7,1151,1,3164,0,0,3,1026,5,1632,3,2658,California
Lassen,2021-02-28,6,4321,1,1152,5,3169,0,0,3,1026,3,1635,3,2661,California
Lassen,2021-03-01,41,4362,4,1156,37,3206,0,0,8,1001,33,1668,8,2669,California
Lassen,2021-03-02,107,4469,9,1165,98,3304,0,0,80,1054,27,1695,80,2749,California
Lassen,2021-03-03,170,4639,12,1177,158,3462,0,0,113,1110,57,1752,113,2862,California
Lassen,2021-03-04,148,4787,15,1192,133,3595,0,0,98,1159,49,1801,98,2960,California
Lassen,2021-03-05,47,4834,7,1199,17,3612,23,23,11,1157,36,1837,34,2994,California
Lassen,2021-03-06,56,4890,5,1204,29,3641,22,45,6,1135,50,1887,28,3022,California
Lassen,2021-03-07,56,4946,1,1205,0,3641,55,100,1,1136,55,1942,56,3078,California
Lassen,2021-03-08,90,5036,2,1207,8,3649,80,180,3,1133,86,2028,83,3161,California
Lassen,2021-03-09,137,5173,11,1218,109,3758,17,197,88,1190,49,2077,106,3267,California
Lassen,2021-03-10,173,5346,10,1228,162,3920,1,198,79,1177,93,2170,80,3347,California
Lassen,2021-03-11,185,5531,16,1244,162,4082,7,205,113,1228,69,2239,120,3467,California
Lassen,2021-03-12,35,5566,18,1262,13,4095,4,209,12,1221,23,2262,16,3483,California
Lassen,2021-03-13,49,5615,0,1262,3,4098,46,255,1,1219,48,2310,46,3529,California
Lassen,2021-03-14,14,5629,2,1264,11,4109,1,256,2,1210,12,2322,3,3532,California
Lassen,2021-03-15,32,5661,1,1265,31,4140,0,256,16,1210,16,2338,16,3548,California
Lassen,2021-03-16,93,5754,2,1267,85,4225,6,262,75,1273,18,2356,81,3629,California
Lassen,2021-03-17,1086,6840,9,1276,1072,5297,5,267,1066,2324,20,2376,1071,4700,California
Lassen,2021-03-18,95,6935,9,1285,85,5382,1,268,81,2392,14,2390,82,4782,California
Lassen,2021-03-19,17,6952,11,1296,2,5384,4,272,7,2393,10,2400,11,4793,California
Lassen,2021-03-20,28,6980,3,1299,22,5406,3,275,22,2412,6,2406,25,4818,California
Lassen,2021-03-21,34,7014,0,1299,34,5440,0,275,14,2407,19,2425,14,4832,California
Lassen,2021-03-22,57,7071,1,1300,56,5496,0,275,54,2458,3,2428,54,4886,California
Lassen,2021-03-23,117,7188,9,1309,107,5603,1,276,66,2474,51,2479,67,4953,California
Lassen,2021-03-24,212,7400,13,1322,199,5802,0,276,107,2477,104,2583,107,5060,California
Lassen,2021-03-25,151,7551,20,1342,131,5933,0,276,69,2464,82,2665,69,5129,California
Lassen,2021-03-26,78,7629,12,1354,27,5960,39,315,19,2463,59,2724,58,5187,California
Lassen,2021-03-27,20,7649,4,1358,1,5961,15,330,3,2464,17,2741,18,5205,California
Lassen,2021-03-28,18,7667,3,1361,5,5966,10,340,4,2464,14,2755,14,5219,California
Lassen,2021-03-29,52,7719,0,1361,27,5993,25,365,20,2478,31,2786,45,5264,California
Lassen,2021-03-30,198,7917,10,1371,163,6156,25,390,51,2407,147,2933,76,5340,California
Lassen,2021-03-31,146,8063,12,1383,112,6268,22,412,62,2407,84,3017,84,5424,California
Lassen,2021-04-01,166,8229,16,1399,131,6399,19,431,49,2359,116,3133,68,5492,California
Lassen,2021-04-02,29,8258,4,1403,3,6402,22,453,2,2356,27,3160,24,5516,California
Lassen,2021-04-03,12,8270,0,1403,2,6404,10,463,0,2354,12,3172,10,5526,California
Lassen,2021-04-04,7,8277,2,1405,0,6404,5,468,1,2354,6,3178,6,5532,California
Lassen,2021-04-05,23,8300,4,1409,12,6416,7,475,11,2361,11,3189,18,5550,California
Lassen,2021-04-06,183,8483,8,1417,145,6561,30,505,52,2312,131,3320,82,5632,California
Lassen,2021-04-07,135,8618,5,1422,93,6654,37,542,32,2280,103,3423,71,5703,California
Lassen,2021-04-08,169,8787,8,1430,105,6759,56,598,33,2237,132,3555,89,5792,California
Lassen,2021-04-09,52,8839,6,1436,11,6770,35,633,9,2238,42,3597,43,5835,California
Lassen,2021-04-10,9,8848,0,1436,2,6772,7,640,0,2237,8,3605,7,5842,California
Lassen,2021-04-11,5,8853,2,1438,0,6772,3,643,2,2239,3,3608,5,5847,California
Lassen,2021-04-12,25,8878,2,1440,10,6782,13,656,1,2229,24,3632,14,5861,California
Lassen,2021-04-13,129,9007,6,1446,123,6905,0,656,40,2181,88,3720,40,5901,California
Lassen,2021-04-14,986,9993,16,1462,970,7875,0,656,50,1296,935,4655,50,5951,California
Lassen,2021-04-15,147,10140,14,1476,133,8008,0,656,19,1187,128,4783,19,5970,California
Lassen,2021-04-16,11,10151,4,1480,7,8015,0,656,5,1187,6,4789,6,5976,California
Lassen,2021-04-17,24,10175,3,1483,21,8036,0,656,4,1171,20,4809,4,5980,California
Lassen,2021-04-18,5,10180,2,1485,3,8039,0,656,2,1170,3,4812,2,5982,California
Lassen,2021-04-19,32,10212,0,1485,32,8071,0,656,16,1170,16,4828,16,5998,California
Lassen,2021-04-20,133,10345,7,1492,126,8197,0,656,48,1133,85,4913,48,6046,California
Lassen,2021-04-21,160,10505,9,1501,149,8346,2,658,32,1039,126,5039,32,6078,California
Lassen,2021-04-22,91,10596,15,1516,76,8422,0,658,31,1010,60,5099,31,6109,California
Lassen,2021-04-23,32,10628,2,1518,29,8451,1,659,23,1024,9,5108,23,6132,California
Lassen,2021-04-24,10,10638,6,1524,4,8455,0,659,3,1021,6,5114,3,6135,California
Lassen,2021-04-25,4,10642,0,1524,4,8459,0,659,2,1021,2,5116,2,6137,California
Lassen,2021-04-26,34,10676,0,1524,30,8489,4,663,7,1005,27,5143,11,6148,California
Lassen,2021-04-27,51,10727,4,1528,47,8536,0,663,26,1006,25,5168,26,6174,California
Los Angeles,2020-12-15,391,391,391,391,0,0,0,0,391,391,0,0,391,391,California
Los Angeles,2020-12-16,3365,3756,3365,3756,0,0,0,0,3365,3756,0,0,3365,3756,California
Los Angeles,2020-12-17,10229,13985,10229,13985,0,0,0,0,10230,13986,0,0,10230,13986,California
Los Angeles,2020-12-18,14506,28491,14482,28467,24,24,0,0,14506,28492,0,0,14506,28492,California
Los Angeles,2020-12-19,7220,35711,7212,35679,8,32,0,0,7221,35713,0,0,7221,35713,California
Los Angeles,2020-12-20,4585,40296,4578,40257,7,39,0,0,4587,40300,0,0,4587,40300,California
Los Angeles,2020-12-21,13680,53976,13666,53923,14,53,0,0,13681,53980,1,1,13681,53981,California
Los Angeles,2020-12-22,11518,65494,11136,65059,382,435,0,0,11519,65498,1,2,11519,65500,California
Los Angeles,2020-12-23,11878,77372,10124,75183,1754,2189,0,0,11879,77377,0,2,11879,77379,California
Los Angeles,2020-12-24,7012,84384,4246,79429,2766,4955,0,0,7015,84392,0,2,7015,84394,California
Los Angeles,2020-12-25,524,84908,419,79848,105,5060,0,0,524,84916,0,2,524,84918,California
Los Angeles,2020-12-26,2524,87432,2178,82026,346,5406,0,0,2524,87439,1,3,2524,87442,California
Los Angeles,2020-12-27,1757,89189,1027,83053,730,6136,0,0,1757,89196,0,3,1757,89199,California
Los Angeles,2020-12-28,10270,99459,6372,89425,3898,10034,0,0,10268,99463,1,4,10268,99467,California
Los Angeles,2020-12-29,11585,111044,6065,95490,5520,15554,0,0,11587,111050,0,4,11587,111054,California
Los Angeles,2020-12-30,14854,125898,8081,103571,6773,22327,0,0,14853,125903,0,4,14853,125907,California
Los Angeles,2020-12-31,7914,133812,2749,106320,5165,27492,0,0,7912,133814,1,5,7912,133819,California
Los Angeles,2021-01-01,983,134795,265,106585,718,28210,0,0,983,134797,0,5,983,134802,California
Los Angeles,2021-01-02,4446,139241,1650,108235,2796,31006,0,0,4446,139243,0,5,4446,139248,California
Los Angeles,2021-01-03,929,140170,210,108445,719,31725,0,0,928,140170,1,6,928,140176,California
Los Angeles,2021-01-04,12667,152837,4855,113300,7812,39537,0,0,12653,152820,3,9,12653,152829,California
Los Angeles,2021-01-05,15975,168812,7054,120354,8921,48458,0,0,14076,165026,1872,1881,14078,166907,California
Los Angeles,2021-01-06,22506,191318,12053,132407,10453,58911,0,0,16918,176431,5520,7401,16925,183832,California
Los Angeles,2021-01-07,29345,220663,15797,148204,13548,72459,0,0,18855,184852,10445,17846,18866,202698,California
Los Angeles,2021-01-08,33050,253713,17884,166088,15166,87625,0,0,20844,193524,12180,30026,20852,223550,California
Los Angeles,2021-01-09,12342,266055,7062,173150,5280,92905,0,0,7482,196153,4859,34885,7488,231038,California
Los Angeles,2021-01-10,4648,270703,3627,176777,1021,93926,0,0,1921,195348,2727,37612,1922,232960,California
Los Angeles,2021-01-11,25772,296475,16231,193008,9541,103467,0,0,14844,199283,10917,48529,14852,247812,California
Los Angeles,2021-01-12,29194,325669,16067,209075,13127,116594,0,0,19068,208251,10108,58637,19076,266888,California
Los Angeles,2021-01-13,29234,354903,15612,224687,13622,130216,0,0,20296,219631,8921,67558,20301,287189,California
Los Angeles,2021-01-14,29215,384118,12703,237390,16512,146728,0,0,23716,237876,5480,73038,23725,310914,California
Los Angeles,2021-01-15,33759,417877,12338,249728,21421,168149,0,0,30191,264531,3543,76581,30198,341112,California
Los Angeles,2021-01-16,17547,435424,4964,254692,12583,180732,0,0,15769,278534,1770,78351,15773,356885,California
Los Angeles,2021-01-17,5183,440607,2302,256994,2881,183613,0,0,4938,283230,244,78595,4940,361825,California
Los Angeles,2021-01-18,15567,456174,10049,267043,5518,189131,0,0,10863,289403,4692,83287,10865,372690,California
Los Angeles,2021-01-19,38416,494590,20543,287586,17873,207004,0,0,30639,312313,7736,91023,30646,403336,California
Los Angeles,2021-01-20,45555,540145,23729,311315,21826,228830,0,0,38072,342940,7453,98476,38080,441416,California
Los Angeles,2021-01-21,48589,588734,22395,333710,26194,255024,0,0,44330,383087,4197,102673,44344,485760,California
Los Angeles,2021-01-22,47764,636498,22206,355916,25558,280582,0,0,44356,424088,3364,106037,44365,530125,California
Los Angeles,2021-01-23,33931,670429,15697,371613,18234,298816,0,0,31888,453976,2011,108048,31899,562024,California
Los Angeles,2021-01-24,15722,686151,12205,383818,3517,302333,0,0,15173,468608,542,108590,15174,577198,California
Los Angeles,2021-01-25,38636,724787,16398,400216,22238,324571,0,0,30183,490384,8424,117014,30200,607398,California
Los Angeles,2021-01-26,49169,773956,24402,424618,24767,349338,0,0,41010,523286,8126,125140,41028,648426,California
Los Angeles,2021-01-27,48420,822376,25782,450400,22638,371976,0,0,39243,553514,9041,134181,39269,687695,California
Los Angeles,2021-01-28,48517,870893,23075,473475,25442,397418,0,0,40138,585425,8260,142441,40171,727866,California
Los Angeles,2021-01-29,49202,920095,25372,498847,23830,421248,0,0,39164,614932,9687,152128,39194,767060,California
Los Angeles,2021-01-30,29965,950060,15390,514237,14575,435823,0,0,25831,636714,4059,156187,25841,792901,California
Los Angeles,2021-01-31,12996,963056,10361,524598,2635,438458,0,0,12076,647885,908,157095,12079,804980,California
Los Angeles,2021-02-01,37946,1001002,16146,540744,21800,460258,0,0,27698,665377,10216,167311,27708,832688,California
Los Angeles,2021-02-02,44152,1045154,17866,558610,26286,486544,0,0,31997,685260,12117,179428,32000,864688,California
Los Angeles,2021-02-03,51984,1097138,19450,578060,32534,519078,0,0,37322,708159,14429,193857,37328,902016,California
Los Angeles,2021-02-04,57113,1154251,20679,598739,36434,555512,0,0,39084,729531,17723,211580,39095,941111,California
Los Angeles,2021-02-05,61053,1215304,21006,619745,40047,595559,0,0,39230,747362,21405,232985,39236,980347,California
Los Angeles,2021-02-06,35442,1250746,13275,633020,22167,617726,0,0,27035,766084,8334,241319,27056,1007403,California
Los Angeles,2021-02-07,10787,1261533,8373,641393,2414,620140,0,0,8406,772130,2365,243684,8411,1015814,California
Los Angeles,2021-02-08,46673,1308206,21459,662852,25214,645354,0,0,30540,786672,16000,259684,30542,1046356,California
Los Angeles,2021-02-09,55679,1363885,24564,687416,31115,676469,0,0,28367,787799,27247,286931,28374,1074730,California
Los Angeles,2021-02-10,66790,1430675,29355,716771,37435,713904,0,0,30948,783282,35472,322403,30955,1105685,California
Los Angeles,2021-02-11,57905,1488580,30830,747601,27075,740979,0,0,28005,781826,29463,351866,28007,1133692,California
Los Angeles,2021-02-12,59450,1548030,29769,777370,29681,770660,0,0,25949,774622,33169,385035,25965,1159657,California
Los Angeles,2021-02-13,33773,1581803,19605,796975,14168,784828,0,0,15459,771886,18231,403266,15495,1175152,California
Los Angeles,2021-02-14,21859,1603662,14955,811930,6904,791732,0,0,8770,767630,13029,416295,8773,1183925,California
Los Angeles,2021-02-15,32376,1636038,15829,827759,16547,808279,0,0,17770,770860,14546,430841,17776,1201701,California
Los Angeles,2021-02-16,63889,1699927,32465,860224,31424,839703,0,0,29833,766729,33976,464817,29845,1231546,California
Los Angeles,2021-02-17,63916,1763843,34213,894437,29703,869406,0,0,26337,755658,37414,502231,26343,1257889,California
Los Angeles,2021-02-18,67965,1831808,34661,929098,33304,902710,0,0,28590,745055,39202,541433,28599,1286488,California
Los Angeles,2021-02-19,56923,1888731,34974,964072,21949,924659,0,0,28284,744808,28545,569978,28298,1314786,California
Los Angeles,2021-02-20,32072,1920803,23812,987884,8260,932919,0,0,15672,744129,16360,586338,15681,1330467,California
Los Angeles,2021-02-21,16614,1937417,14974,1002858,1640,934559,0,0,8475,744501,8106,594444,8478,1338945,California
Los Angeles,2021-02-22,34229,1971646,24922,1027780,9307,943866,0,0,17711,745777,16446,610890,17722,1356667,California
Los Angeles,2021-02-23,53463,2025109,22672,1050452,30791,974657,0,0,21074,734574,32288,643178,21085,1377752,California
Los Angeles,2021-02-24,63820,2088929,28032,1078484,35788,1010445,0,0,27998,726926,35663,678841,28015,1405767,California
Los Angeles,2021-02-25,73311,2162240,33669,1112153,39642,1050087,0,0,38539,730855,34621,713462,38550,1444317,California
Los Angeles,2021-02-26,82608,2244848,38514,1150667,44094,1094181,0,0,47314,743129,35068,748530,47342,1491659,California
Los Angeles,2021-02-27,58468,2303316,24844,1175511,33620,1127801,4,4,29871,744571,28456,776986,29898,1521557,California
Los Angeles,2021-02-28,26745,2330061,18459,1193970,8285,1136086,1,5,18832,755582,7829,784815,18840,1540397,California
Los Angeles,2021-03-01,55360,2385421,31003,1224973,24342,1160428,15,20,33565,767530,21647,806462,33595,1573992,California
Los Angeles,2021-03-02,70773,2456194,31354,1256327,39417,1199845,2,22,43257,783396,27402,833864,43268,1617260,California
Los Angeles,2021-03-03,82385,2538579,41368,1297695,41010,1240855,7,29,51780,804751,30454,864318,51809,1669069,California
Los Angeles,2021-03-04,89285,2627864,45664,1343359,43611,1284466,10,39,56343,828351,32771,897089,56371,1725440,California
Los Angeles,2021-03-05,87383,2715247,42562,1385921,44797,1329263,24,63,58262,857718,28952,926041,58319,1783759,California
Los Angeles,2021-03-06,65832,2781079,32990,1418911,31034,1360297,1808,1871,42324,878481,23375,949416,44138,1827897,California
Los Angeles,2021-03-07,25612,2806691,19267,1438178,5553,1365850,792,2663,19745,893173,5843,955259,20535,1848432,California
Los Angeles,2021-03-08,51217,2857908,26598,1464776,22681,1388531,1938,4601,38514,921012,12611,967870,40450,1888882,California
Los Angeles,2021-03-09,68563,2926471,26156,1490932,39139,1427670,3268,7869,40919,937690,27503,995373,44181,1933063,California
Los Angeles,2021-03-10,78662,3005133,37155,1528087,36862,1464532,4645,12514,49415,962617,29100,1024473,54027,1987090,California
Los Angeles,2021-03-11,91367,3096500,44463,1572550,40520,1505052,6384,18898,53666,985098,37538,1062011,60019,2047109,California
Los Angeles,2021-03-12,96446,3192946,42742,1615292,39995,1545047,13709,32607,56094,1014678,40180,1102191,69760,2116869,California
Los Angeles,2021-03-13,73598,3266544,34078,1649370,27638,1572685,11882,44489,43772,1040566,29728,1131919,55616,2172485,California
Los Angeles,2021-03-14,37973,3304517,25367,1674737,10196,1582881,2410,46899,25467,1055976,12449,1144368,27859,2200344,California
Los Angeles,2021-03-15,73316,3377833,35442,1710179,32561,1615442,5313,52212,44748,1077628,28396,1172764,50048,2250392,California
Los Angeles,2021-03-16,97852,3475685,42105,1752284,49994,1665436,5753,57965,63868,1113413,33808,1206572,69593,2319985,California
Los Angeles,2021-03-17,94916,3570601,42589,1794873,44139,1709575,8188,66153,63745,1154246,30995,1237567,71828,2391813,California
Los Angeles,2021-03-18,98458,3669059,46914,1841787,46369,1755944,5175,71328,62725,1186646,35487,1273054,67887,2459700,California
Los Angeles,2021-03-19,105873,3774932,54709,1896496,46501,1802445,4663,75991,65810,1217255,39825,1312879,70434,2530134,California
Los Angeles,2021-03-20,74186,3849118,36069,1932565,33860,1836305,4257,80248,51592,1250652,22439,1335318,55836,2585970,California
Los Angeles,2021-03-21,33510,3882628,24733,1957298,7934,1844239,843,81091,21778,1261634,11636,1346954,22618,2608588,California
Los Angeles,2021-03-22,67778,3950406,40134,1997432,25668,1869907,1976,83067,48326,1292688,19244,1366198,50298,2658886,California
Los Angeles,2021-03-23,93285,4043691,50371,2047803,39999,1909906,2915,85982,62021,1326569,31046,1397244,64927,2723813,California
Los Angeles,2021-03-24,101899,4145590,54161,2101964,44871,1954777,2867,88849,60451,1348716,41160,1438404,63307,2787120,California
Los Angeles,2021-03-25,106954,4252544,57210,2159174,46115,2000892,3629,92478,61486,1368598,45219,1483623,65101,2852221,California
Los Angeles,2021-03-26,111468,4364012,60818,2219992,46566,2047458,4084,96562,63527,1388500,47696,1531319,67598,2919819,California
Los Angeles,2021-03-27,80840,4444852,42386,2262378,36340,2083798,2114,98676,42199,1394393,38421,1569740,44314,2964133,California
Los Angeles,2021-03-28,40758,4485610,27260,2289638,12916,2096714,582,99258,20733,1395772,19936,1589676,21315,2985448,California
Los Angeles,2021-03-29,81060,4566670,45751,2335389,33722,2130436,1587,100845,46534,1409530,34360,1624036,48118,3033566,California
Los Angeles,2021-03-30,105970,4672640,49597,2384986,50666,2181102,5707,106552,65314,1440064,40467,1664503,71001,3104567,California
Los Angeles,2021-03-31,119217,4791857,59817,2444803,50909,2232011,8491,115043,69919,1469376,49066,1713569,78378,3182945,California
Los Angeles,2021-04-01,129594,4921451,60483,2505286,54365,2286376,14746,129789,70775,1496274,58582,1772151,85480,3268425,California
Los Angeles,2021-04-02,127626,5049077,56372,2561658,56445,2342821,14809,144598,68812,1521370,58517,1830668,83613,3352038,California
Los Angeles,2021-04-03,95041,5144118,42925,2604583,39113,2381934,13003,157601,47551,1534552,47338,1878006,60520,3412558,California
Los Angeles,2021-04-04,38830,5182948,20286,2624869,11981,2393915,6563,164164,16678,1535683,22092,1900098,23223,3435781,California
Los Angeles,2021-04-05,90416,5273364,43867,2668736,36657,2430572,9892,174056,44544,1544385,45714,1945812,54416,3490197,California
Los Angeles,2021-04-06,119499,5392863,56231,2724967,43218,2473790,20050,194106,55524,1556122,63767,2009579,75504,3565701,California
Los Angeles,2021-04-07,118257,5511120,53879,2778846,43542,2517332,20836,214942,54121,1567094,63915,2073494,74887,3640588,California
Los Angeles,2021-04-08,130165,5641285,57149,2835995,49251,2566583,23765,238707,59421,1579694,70507,2144001,83107,3723695,California
Los Angeles,2021-04-09,128664,5769949,55825,2891820,49402,2615985,23437,262144,55929,1586482,72495,2216496,79283,3802978,California
Los Angeles,2021-04-10,99227,5869176,42140,2933960,33446,2649431,23641,285785,36706,1584447,62320,2278816,60285,3863263,California
Los Angeles,2021-04-11,41090,5910266,22296,2956256,9569,2659000,9225,295010,14312,1581239,26716,2305532,23508,3886771,California
Los Angeles,2021-04-12,77669,5987935,38276,2994532,33201,2692201,6192,301202,32447,1574796,45046,2350578,38603,3925374,California
Los Angeles,2021-04-13,116254,6104189,58718,3053250,57127,2749328,409,301611,61746,1582877,54302,2404880,62383,3987757,California
Los Angeles,2021-04-14,115528,6219717,58568,3111818,56845,2806173,115,301726,63032,1593754,52265,2457145,63142,4050899,California
Los Angeles,2021-04-15,125228,6344945,67879,3179697,57194,2863367,155,301881,71489,1611896,53503,2510648,71645,4122544,California
Los Angeles,2021-04-16,126852,6471797,67885,3247582,58825,2922192,142,302023,67243,1619906,59380,2570028,67390,4189934,California
Los Angeles,2021-04-17,95284,6567081,50383,3297965,44880,2967072,21,302044,54203,1633245,40905,2610933,54244,4244178,California
Los Angeles,2021-04-18,33687,6600768,22322,3320287,11364,2978436,1,302045,18649,1636918,14983,2625916,18656,4262834,California
Los Angeles,2021-04-19,73577,6674345,39350,3359637,34201,3012637,26,302071,33063,1629653,40360,2666276,33095,4295929,California
Los Angeles,2021-04-20,99659,6774004,48788,3408425,50860,3063497,11,302082,49739,1629693,49721,2715997,49761,4345690,California
Los Angeles,2021-04-21,106618,6880622,51619,3460044,54810,3118307,189,302271,47716,1618955,58647,2774644,47909,4393599,California
Los Angeles,2021-04-22,107922,6988544,57193,3517237,50699,3169006,30,302301,48095,1607538,59585,2834229,48168,4441767,California
Los Angeles,2021-04-23,101852,7090396,56189,3573426,45646,3214652,17,302318,47873,1601715,53719,2887948,47896,4489663,California
Los Angeles,2021-04-24,77234,7167630,50836,3624262,26373,3241025,25,302343,44077,1612819,33000,2920948,44104,4533767,California
Los Angeles,2021-04-25,30415,7198045,19235,3643497,11178,3252203,2,302345,15660,1613787,14694,2935642,15662,4549429,California
Los Angeles,2021-04-26,56870,7254915,30014,3673511,26515,3278718,341,302686,28513,1614449,28215,2963857,28877,4578306,California
Los Angeles,2021-04-27,46303,7301218,23581,3697092,21799,3300517,923,303609,16406,1602018,29760,2993617,17329,4595635,California
Madera,2020-12-16,22,22,22,22,0,0,0,0,22,22,0,0,22,22,California
Madera,2020-12-17,13,35,13,35,0,0,0,0,13,35,0,0,13,35,California
Madera,2020-12-18,61,96,61,96,0,0,0,0,61,96,0,0,61,96,California
Madera,2020-12-19,5,101,5,101,0,0,0,0,5,101,0,0,5,101,California
Madera,2020-12-20,14,115,14,115,0,0,0,0,14,115,0,0,14,115,California
Madera,2020-12-21,60,175,60,175,0,0,0,0,60,175,0,0,60,175,California
Madera,2020-12-22,97,272,95,270,2,2,0,0,97,272,0,0,97,272,California
Madera,2020-12-23,68,340,68,338,0,2,0,0,68,340,0,0,68,340,California
Madera,2020-12-24,44,384,39,377,5,7,0,0,44,384,0,0,44,384,California
Madera,2020-12-26,28,412,26,403,2,9,0,0,28,412,0,0,28,412,California
Madera,2020-12-27,30,442,12,415,18,27,0,0,30,442,0,0,30,442,California
Madera,2020-12-28,105,547,36,451,69,96,0,0,105,547,0,0,105,547,California
Madera,2020-12-29,174,721,40,491,134,230,0,0,174,721,0,0,174,721,California
Madera,2020-12-30,218,939,86,577,132,362,0,0,218,939,0,0,218,939,California
Madera,2020-12-31,201,1140,80,657,121,483,0,0,201,1140,0,0,201,1140,California
Madera,2021-01-01,1,1141,1,658,0,483,0,0,1,1141,0,0,1,1141,California
Madera,2021-01-02,89,1230,34,692,55,538,0,0,89,1230,0,0,89,1230,California
Madera,2021-01-03,5,1235,5,697,0,538,0,0,5,1235,0,0,5,1235,California
Madera,2021-01-04,129,1364,65,762,64,602,0,0,129,1364,0,0,129,1364,California
Madera,2021-01-05,279,1643,143,905,136,738,0,0,275,1635,4,4,275,1639,California
Madera,2021-01-06,184,1827,27,932,157,895,0,0,164,1779,20,24,164,1803,California
Madera,2021-01-07,395,2222,113,1045,282,1177,0,0,373,2130,22,46,373,2176,California
Madera,2021-01-08,419,2641,72,1117,347,1524,0,0,364,2441,54,100,365,2541,California
Madera,2021-01-09,37,2678,14,1131,23,1547,0,0,28,2460,9,109,28,2569,California
Madera,2021-01-10,17,2695,14,1145,3,1550,0,0,5,2453,12,121,5,2574,California
Madera,2021-01-11,238,2933,190,1335,48,1598,0,0,195,2605,43,164,195,2769,California
Madera,2021-01-12,390,3323,157,1492,233,1831,0,0,284,2783,106,270,284,3053,California
Madera,2021-01-13,185,3508,91,1583,94,1925,0,0,129,2857,56,326,130,3183,California
Madera,2021-01-14,554,4062,82,1665,472,2397,0,0,520,3343,34,360,520,3703,California
Madera,2021-01-15,599,4661,159,1824,440,2837,0,0,579,3902,20,380,579,4282,California
Madera,2021-01-16,382,5043,47,1871,335,3172,0,0,353,4226,29,409,353,4635,California
Madera,2021-01-17,335,5378,15,1886,320,3492,0,0,331,4553,4,413,331,4966,California
Madera,2021-01-18,76,5454,60,1946,16,3508,0,0,57,4592,18,431,57,5023,California
Madera,2021-01-19,571,6025,135,2081,436,3944,0,0,544,5110,27,458,545,5568,California
Madera,2021-01-20,234,6259,80,2161,154,4098,0,0,206,5289,27,485,206,5774,California
Madera,2021-01-21,237,6496,130,2291,107,4205,0,0,204,5462,31,516,204,5978,California
Madera,2021-01-22,257,6753,83,2374,174,4379,0,0,243,5691,14,530,243,6221,California
Madera,2021-01-23,100,6853,52,2426,48,4427,0,0,76,5743,24,554,76,6297,California
Madera,2021-01-24,101,6954,82,2508,19,4446,0,0,78,5798,23,577,78,6375,California
Madera,2021-01-25,255,7209,124,2632,131,4577,0,0,142,5827,113,690,142,6517,California
Madera,2021-01-26,481,7690,189,2821,292,4869,0,0,292,5933,188,878,294,6811,California
Madera,2021-01-27,737,8427,63,2884,674,5543,0,0,601,6399,136,1014,602,7413,California
Madera,2021-01-28,537,8964,104,2988,433,5976,0,0,434,6730,103,1117,434,7847,California
Madera,2021-01-29,468,9432,95,3083,373,6349,0,0,412,7086,56,1173,412,8259,California
Madera,2021-01-30,504,9936,16,3099,488,6837,0,0,450,7482,54,1227,450,8709,California
Madera,2021-01-31,10,9946,7,3106,3,6840,0,0,9,7490,1,1228,9,8718,California
Madera,2021-02-01,256,10202,72,3178,184,7024,0,0,197,7628,59,1287,197,8915,California
Madera,2021-02-02,252,10454,87,3265,165,7189,0,0,161,7700,90,1377,162,9077,California
Madera,2021-02-03,592,11046,459,3724,133,7322,0,0,473,8057,117,1494,474,9551,California
Madera,2021-02-04,385,11431,120,3844,265,7587,0,0,110,7894,274,1768,111,9662,California
Madera,2021-02-05,974,12405,297,4141,677,8264,0,0,368,7662,601,2369,369,10031,California
Madera,2021-02-06,360,12765,325,4466,35,8299,0,0,321,7945,38,2407,321,10352,California
Madera,2021-02-07,35,12800,7,4473,28,8327,0,0,30,7970,5,2412,30,10382,California
Madera,2021-02-08,382,13182,306,4779,76,8403,0,0,269,8127,112,2524,269,10651,California
Madera,2021-02-09,479,13661,119,4898,360,8763,0,0,197,8046,279,2803,198,10849,California
Madera,2021-02-10,428,14089,148,5046,280,9043,0,0,322,8262,106,2909,322,11171,California
Madera,2021-02-11,936,15025,307,5353,629,9672,0,0,407,8142,528,3437,408,11579,California
Madera,2021-02-12,843,15868,119,5472,724,10396,0,0,310,7928,527,3964,313,11892,California
Madera,2021-02-13,484,16352,44,5516,440,10836,0,0,139,7725,344,4308,141,12033,California
Madera,2021-02-14,400,16752,75,5591,325,11161,0,0,137,7600,263,4571,138,12171,California
Madera,2021-02-15,244,16996,98,5689,146,11307,0,0,175,7707,68,4639,175,12346,California
Madera,2021-02-16,775,17771,183,5872,592,11899,0,0,230,7396,542,5181,231,12577,California
Madera,2021-02-17,608,18379,273,6145,335,12234,0,0,339,7473,264,5445,341,12918,California
Madera,2021-02-18,1297,19676,538,6683,759,12993,0,0,1121,8420,176,5621,1123,14041,California
Madera,2021-02-19,860,20536,545,7228,315,13308,0,0,718,8998,142,5763,720,14761,California
Madera,2021-02-20,1069,21605,978,8206,91,13399,0,0,998,9927,70,5833,999,15760,California
Madera,2021-02-21,965,22570,821,9027,144,13543,0,0,959,10880,6,5839,959,16719,California
Madera,2021-02-22,908,23478,832,9859,76,13619,0,0,854,11680,54,5893,854,17573,California
Madera,2021-02-23,769,24247,497,10356,272,13891,0,0,549,12010,219,6112,549,18122,California
Madera,2021-02-24,906,25153,300,10656,606,14497,0,0,377,11858,529,6641,377,18499,California
Madera,2021-02-25,1020,26173,308,10964,712,15209,0,0,591,12022,427,7068,591,19090,California
Madera,2021-02-26,1070,27243,185,11149,885,16094,0,0,695,12344,373,7441,695,19785,California
Madera,2021-02-27,869,28112,244,11393,625,16719,0,0,446,12373,420,7861,449,20234,California
Madera,2021-02-28,188,28300,29,11422,159,16878,0,0,182,12549,6,7867,182,20416,California
Madera,2021-03-01,371,28671,116,11538,255,17133,0,0,192,12564,177,8044,192,20608,California
Madera,2021-03-02,650,29321,268,11806,382,17515,0,0,538,12991,112,8156,539,21147,California
Madera,2021-03-03,1313,30634,702,12508,611,18126,0,0,914,13533,396,8552,938,22085,California
Madera,2021-03-04,1164,31798,503,13011,661,18787,0,0,921,14213,244,8796,924,23009,California
Madera,2021-03-05,1325,33123,406,13417,907,19694,12,12,1063,15039,260,9056,1086,24095,California
Madera,2021-03-06,803,33926,622,14039,149,19843,32,44,484,15237,319,9375,517,24612,California
Madera,2021-03-07,153,34079,27,14066,104,19947,22,66,103,15312,50,9425,125,24737,California
Madera,2021-03-08,595,34674,335,14401,201,20148,59,125,302,15382,293,9718,363,25100,California
Madera,2021-03-09,449,35123,158,14559,257,20405,34,159,275,15527,172,9890,317,25417,California
Madera,2021-03-10,1130,36253,507,15066,546,20951,77,236,704,15887,422,10312,782,26199,California
Madera,2021-03-11,1655,37908,842,15908,481,21432,332,568,748,16073,905,11217,1091,27290,California
Madera,2021-03-12,1527,39435,778,16686,595,22027,154,722,750,16227,775,11992,929,28219,California
Madera,2021-03-13,1811,41246,1268,17954,345,22372,198,920,746,16124,1063,13055,960,29179,California
Madera,2021-03-14,581,41827,448,18402,101,22473,32,952,293,16163,286,13341,325,29504,California
Madera,2021-03-15,728,42555,213,18615,469,22942,46,998,505,16520,220,13561,577,30081,California
Madera,2021-03-16,820,43375,420,19035,353,23295,47,1045,638,17043,179,13740,702,30783,California
Madera,2021-03-17,1416,44791,934,19969,420,23715,62,1107,862,17511,546,14286,1014,31797,California
Madera,2021-03-18,1870,46661,646,20615,1164,24879,60,1167,909,17611,953,15239,1053,32850,California
Madera,2021-03-19,1494,48155,588,21203,822,25701,84,1251,960,18191,528,15767,1108,33958,California
Madera,2021-03-20,1130,49285,772,21975,307,26008,51,1302,579,18317,550,16317,676,34634,California
Madera,2021-03-21,1071,50356,872,22847,154,26162,45,1347,355,18005,713,17030,401,35035,California
Madera,2021-03-22,1357,51713,852,23699,437,26599,68,1415,685,18131,669,17699,795,35830,California
Madera,2021-03-23,1395,53108,840,24539,464,27063,91,1506,737,18385,656,18355,910,36740,California
Madera,2021-03-24,902,54010,468,25007,403,27466,31,1537,598,18716,302,18657,633,37373,California
Madera,2021-03-25,1122,55132,488,25495,610,28076,24,1561,642,18926,469,19126,679,38052,California
Madera,2021-03-26,1437,56569,509,26004,797,28873,131,1692,675,18979,756,19882,809,38861,California
Madera,2021-03-27,826,57395,527,26531,278,29151,21,1713,371,18922,449,20331,392,39253,California
Madera,2021-03-28,420,57815,136,26667,223,29374,61,1774,230,19076,189,20520,343,39596,California
Madera,2021-03-29,681,58496,178,26845,476,29850,27,1801,491,19411,187,20707,522,40118,California
Madera,2021-03-30,1015,59511,561,27406,422,30272,32,1833,557,19546,455,21162,590,40708,California
Madera,2021-03-31,1313,60824,486,27892,697,30969,130,1963,448,19265,860,22022,579,41287,California
Madera,2021-04-01,1224,62048,535,28427,640,31609,49,2012,437,18968,782,22804,485,41772,California
Madera,2021-04-02,1512,63560,411,28838,1042,32651,59,2071,465,18456,1038,23842,526,42298,California
Madera,2021-04-03,871,64431,681,29519,170,32821,20,2091,379,18374,490,24332,408,42706,California
Madera,2021-04-04,184,64615,65,29584,117,32938,2,2093,85,18362,99,24431,87,42793,California
Madera,2021-04-05,733,65348,254,29838,422,33360,57,2150,340,18381,392,24823,411,43204,California
Madera,2021-04-06,1688,67036,878,30716,462,33822,348,2498,636,18313,1051,25874,983,44187,California
Madera,2021-04-07,1194,68230,371,31087,674,34496,149,2647,452,18180,739,26613,606,44793,California
Madera,2021-04-08,1679,69909,655,31742,773,35269,251,2898,561,17885,1114,27727,819,45612,California
Madera,2021-04-09,1605,71514,670,32412,788,36057,147,3045,940,18315,660,28387,1090,46702,California
Madera,2021-04-10,951,72465,676,33088,208,36265,67,3112,705,18843,245,28632,773,47475,California
Madera,2021-04-11,775,73240,628,33716,70,36335,77,3189,285,18716,488,29120,361,47836,California
Madera,2021-04-12,778,74018,266,33982,434,36769,78,3267,301,18619,477,29597,380,48216,California
Madera,2021-04-13,1233,75251,609,34591,583,37352,41,3308,730,18899,501,30098,781,48997,California
Madera,2021-04-14,1359,76610,837,35428,522,37874,0,3308,573,18695,783,30881,579,49576,California
Madera,2021-04-15,1080,77690,454,35882,625,38499,1,3309,428,18484,641,31522,430,50006,California
Madera,2021-04-16,1268,78958,518,36400,750,39249,0,3309,438,18104,819,32341,439,50445,California
Madera,2021-04-17,1265,80223,1065,37465,200,39449,0,3309,827,18494,437,32778,827,51272,California
Madera,2021-04-18,241,80464,205,37670,36,39485,0,3309,98,18450,142,32920,98,51370,California
Madera,2021-04-19,795,81259,233,37903,561,40046,1,3310,269,18199,521,33441,270,51640,California
Madera,2021-04-20,858,82117,418,38321,440,40486,0,3310,237,17820,618,34059,239,51879,California
Madera,2021-04-21,847,82964,448,38769,399,40885,0,3310,295,17569,548,34607,297,52176,California
Madera,2021-04-22,1048,84012,510,39279,538,41423,0,3310,391,17308,652,35259,391,52567,California
Madera,2021-04-23,878,84890,291,39570,586,42009,1,3311,306,17048,567,35826,307,52874,California
Madera,2021-04-24,641,85531,414,39984,227,42236,0,3311,272,16954,366,36192,272,53146,California
Madera,2021-04-25,191,85722,91,40075,98,42334,2,3313,76,16920,113,36305,79,53225,California
Madera,2021-04-26,438,86160,89,40164,344,42678,5,3318,99,16686,338,36643,104,53329,California
Madera,2021-04-27,332,86492,178,40342,148,42826,6,3324,205,16772,126,36769,212,53541,California
Marin,2020-12-15,2,2,2,2,0,0,0,0,2,2,0,0,2,2,California
Marin,2020-12-16,107,109,107,109,0,0,0,0,107,109,0,0,107,109,California
Marin,2020-12-17,260,369,260,369,0,0,0,0,260,369,0,0,260,369,California
Marin,2020-12-18,372,741,372,741,0,0,0,0,372,741,0,0,372,741,California
Marin,2020-12-19,350,1091,349,1090,1,1,0,0,350,1091,0,0,350,1091,California
Marin,2020-12-20,167,1258,166,1256,1,2,0,0,167,1258,0,0,167,1258,California
Marin,2020-12-21,238,1496,235,1491,3,5,0,0,238,1496,0,0,238,1496,California
Marin,2020-12-22,523,2019,319,1810,204,209,0,0,523,2019,0,0,523,2019,California
Marin,2020-12-23,730,2749,322,2132,408,617,0,0,730,2749,0,0,730,2749,California
Marin,2020-12-24,357,3106,159,2291,198,815,0,0,357,3106,0,0,357,3106,California
Marin,2020-12-25,27,3133,0,2291,27,842,0,0,27,3133,0,0,27,3133,California
Marin,2020-12-26,142,3275,93,2384,49,891,0,0,142,3275,0,0,142,3275,California
Marin,2020-12-27,92,3367,55,2439,37,928,0,0,92,3367,0,0,92,3367,California
Marin,2020-12-28,408,3775,99,2538,309,1237,0,0,408,3775,0,0,408,3775,California
Marin,2020-12-29,402,4177,88,2626,314,1551,0,0,402,4177,0,0,402,4177,California
Marin,2020-12-30,626,4803,388,3014,238,1789,0,0,626,4803,0,0,626,4803,California
Marin,2020-12-31,197,5000,33,3047,164,1953,0,0,197,5000,0,0,197,5000,California
Marin,2021-01-01,14,5014,5,3052,9,1962,0,0,14,5014,0,0,14,5014,California
Marin,2021-01-02,104,5118,98,3150,6,1968,0,0,104,5118,0,0,104,5118,California
Marin,2021-01-03,54,5172,36,3186,18,1986,0,0,51,5169,0,0,51,5169,California
Marin,2021-01-04,292,5464,189,3375,103,2089,0,0,291,5459,1,1,291,5460,California
Marin,2021-01-05,365,5829,222,3597,143,2232,0,0,322,5738,43,44,322,5782,California
Marin,2021-01-06,817,6646,316,3913,501,2733,0,0,640,6201,177,221,640,6422,California
Marin,2021-01-07,888,7534,501,4414,387,3120,0,0,541,6395,347,568,541,6963,California
Marin,2021-01-08,971,8505,515,4929,456,3576,0,0,594,6613,376,944,594,7557,California
Marin,2021-01-09,618,9123,223,5152,395,3971,0,0,487,6969,131,1075,487,8044,California
Marin,2021-01-10,128,9251,99,5251,29,4000,0,0,54,6949,74,1149,54,8098,California
Marin,2021-01-11,468,9719,327,5578,141,4141,0,0,248,6979,220,1369,250,8348,California
Marin,2021-01-12,936,10655,539,6117,397,4538,0,0,566,7178,367,1736,566,8914,California
Marin,2021-01-13,1175,11830,498,6615,677,5215,0,0,937,7877,238,1974,937,9851,California
Marin,2021-01-14,1067,12897,318,6933,749,5964,0,0,917,8646,148,2122,917,10768,California
Marin,2021-01-15,1153,14050,354,7287,799,6763,0,0,1023,9541,129,2251,1024,11792,California
Marin,2021-01-16,1117,15167,914,8201,203,6966,0,0,1043,10510,74,2325,1043,12835,California
Marin,2021-01-17,1233,16400,1114,9315,119,7085,0,0,1205,11691,27,2352,1208,14043,California
Marin,2021-01-18,360,16760,159,9474,201,7286,0,0,309,11949,51,2403,309,14352,California
Marin,2021-01-19,1155,17915,913,10387,242,7528,0,0,983,12761,171,2574,983,15335,California
Marin,2021-01-20,1785,19700,1204,11591,581,8109,0,0,1055,13097,719,3293,1055,16390,California
Marin,2021-01-21,1683,21383,1062,12653,621,8730,0,0,1331,14081,349,3642,1333,17723,California
Marin,2021-01-22,1697,23080,1087,13740,610,9340,0,0,1530,15444,167,3809,1530,19253,California
Marin,2021-01-23,1843,24923,1342,15082,501,9841,0,0,1757,17116,85,3894,1757,21010,California
Marin,2021-01-24,613,25536,166,15248,447,10288,0,0,581,17665,32,3926,581,21591,California
Marin,2021-01-25,1125,26661,227,15475,898,11186,0,0,693,17927,432,4358,694,22285,California
Marin,2021-01-26,1503,28164,780,16255,723,11909,0,0,1124,18673,378,4736,1124,23409,California
Marin,2021-01-27,1699,29863,871,17126,828,12737,0,0,1348,19673,349,5085,1349,24758,California
Marin,2021-01-28,2074,31937,1065,18191,1009,13746,0,0,1810,21222,263,5348,1812,26570,California
Marin,2021-01-29,2191,34128,1444,19635,747,14493,0,0,1987,23019,193,5541,1990,28560,California
Marin,2021-01-30,1722,35850,906,20541,816,15309,0,0,1643,24585,79,5620,1645,30205,California
Marin,2021-01-31,453,36303,316,20857,137,15446,0,0,428,24988,25,5645,428,30633,California
Marin,2021-02-01,1087,37390,416,21273,671,16117,0,0,888,25678,199,5844,889,31522,California
Marin,2021-02-02,1350,38740,462,21735,888,17005,0,0,724,25786,616,6460,724,32246,California
Marin,2021-02-03,1779,40519,428,22163,1351,18356,0,0,1255,26518,523,6983,1255,33501,California
Marin,2021-02-04,1535,42054,512,22675,1023,19379,0,0,935,26856,597,7580,935,34436,California
Marin,2021-02-05,2174,44228,681,23356,1493,20872,0,0,1336,27358,834,8414,1336,35772,California
Marin,2021-02-06,1426,45654,850,24206,576,21448,0,0,603,27139,822,9236,603,36375,California
Marin,2021-02-07,1287,46941,1005,25211,282,21730,0,0,489,26831,797,10033,489,36864,California
Marin,2021-02-08,1517,48458,753,25964,764,22494,0,0,725,26766,790,10823,725,37589,California
Marin,2021-02-09,1782,50240,1122,27086,660,23154,0,0,837,26658,945,11768,837,38426,California
Marin,2021-02-10,2335,52575,1489,28575,846,24000,0,0,1217,26760,1116,12884,1218,39644,California
Marin,2021-02-11,2867,55442,1646,30221,1221,25221,0,0,1453,26807,1409,14293,1456,41100,California
Marin,2021-02-12,3061,58503,1538,31759,1523,26744,0,0,1567,26882,1492,15785,1567,42667,California
Marin,2021-02-13,2333,60836,1242,33001,1091,27835,0,0,1128,26807,1203,16988,1128,43795,California
Marin,2021-02-14,810,61646,301,33302,509,28344,0,0,717,27432,93,17081,718,44513,California
Marin,2021-02-15,1214,62860,356,33658,858,29202,0,0,833,27886,380,17461,834,45347,California
Marin,2021-02-16,2464,65324,1057,34715,1407,30609,0,0,1504,28431,959,18420,1504,46851,California
Marin,2021-02-17,2096,67420,940,35655,1156,31765,0,0,1087,28512,1007,19427,1088,47939,California
Marin,2021-02-18,2415,69835,1581,37236,834,32599,0,0,1062,28222,1352,20779,1062,49001,California
Marin,2021-02-19,2756,72591,2154,39390,602,33201,0,0,1220,27919,1524,22303,1221,50222,California
Marin,2021-02-20,2566,75157,2112,41502,454,33655,0,0,1217,27794,1343,23646,1218,51440,California
Marin,2021-02-21,1281,76438,1089,42591,192,33847,0,0,907,28331,370,24016,907,52347,California
Marin,2021-02-22,1823,78261,1405,43996,418,34265,0,0,1212,28934,609,24625,1212,53559,California
Marin,2021-02-23,2832,81093,1614,45610,1218,35483,0,0,1908,29928,915,25540,1909,55468,California
Marin,2021-02-24,3507,84600,1606,47216,1901,37384,0,0,2254,30937,1246,26786,2255,57723,California
Marin,2021-02-25,3926,88526,1809,49025,2117,39501,0,0,2769,32557,1150,27936,2770,60493,California
Marin,2021-02-26,3482,92008,1881,50906,1601,41102,0,0,2529,34144,942,28878,2529,63022,California
Marin,2021-02-27,2608,94616,1495,52401,1113,42215,0,0,1774,35089,831,29709,1776,64798,California
Marin,2021-02-28,1379,95995,918,53319,461,42676,0,0,1043,35799,333,30042,1043,65841,California
Marin,2021-03-01,2474,98469,1536,54855,938,43614,0,0,1664,36657,806,30848,1664,67505,California
Marin,2021-03-02,2431,100900,1596,56451,834,44448,1,1,1684,37598,744,31592,1685,69190,California
Marin,2021-03-03,4292,105192,2380,58831,1910,46358,2,3,2782,38877,1505,33097,2784,71974,California
Marin,2021-03-04,3341,108533,1647,60478,1693,48051,1,4,2332,40211,1002,34099,2336,74310,California
Marin,2021-03-05,3025,111558,1133,61611,1880,49931,12,16,1775,40751,1247,35346,1787,76097,California
Marin,2021-03-06,3226,114784,2314,63925,833,50764,79,95,2654,42916,567,35913,2732,78829,California
Marin,2021-03-07,1369,116153,1152,65077,193,50957,24,119,980,43535,385,36298,1004,79833,California
Marin,2021-03-08,1872,118025,1367,66444,388,51345,117,236,1407,44597,462,36760,1524,81357,California
Marin,2021-03-09,2098,120123,1217,67661,774,52119,107,343,1425,45458,671,37431,1532,82889,California
Marin,2021-03-10,4397,124520,2457,70118,1660,53779,280,623,3174,47693,1220,38651,3455,86344,California
Marin,2021-03-11,4552,129072,1870,71988,2546,56325,136,759,3263,49810,1282,39933,3399,89743,California
Marin,2021-03-12,3969,133041,1534,73522,2079,58404,356,1115,1560,49328,2398,42331,1916,91659,California
Marin,2021-03-13,4089,137130,2855,76377,1163,59567,71,1186,2418,50143,1669,44000,2484,94143,California
Marin,2021-03-14,2271,139401,1095,77472,1060,60627,116,1302,726,49442,1543,45543,842,94985,California
Marin,2021-03-15,3226,142627,1761,79233,1418,62045,47,1349,1220,48712,1996,47539,1266,96251,California
Marin,2021-03-16,4294,146921,2308,81541,1622,63667,364,1713,1520,47823,2771,50310,1882,98133,California
Marin,2021-03-17,4174,151095,2263,83804,1867,65534,44,1757,2053,47809,2110,52420,2096,100229,California
Marin,2021-03-18,4472,155567,2249,86053,2150,67684,73,1830,2242,47906,2216,54636,2313,102542,California
Marin,2021-03-19,4459,160026,2276,88329,1966,69650,217,2047,2432,48535,2019,56655,2648,105190,California
Marin,2021-03-20,3576,163602,1981,90310,1481,71131,114,2161,2035,49151,1534,58189,2150,107340,California
Marin,2021-03-21,1530,165132,1126,91436,379,71510,25,2186,797,49242,731,58920,822,108162,California
Marin,2021-03-22,2461,167593,2129,93565,167,71677,165,2351,987,48924,1470,60390,1152,109314,California
Marin,2021-03-23,4235,171828,2191,95756,1914,73591,130,2481,1939,48703,2290,62680,2069,111383,California
Marin,2021-03-24,4414,176242,2894,98650,1416,75007,104,2585,1796,47994,2607,65287,1898,113281,California
Marin,2021-03-25,4642,180884,2833,101483,1741,76748,68,2653,2271,47972,2359,67646,2337,115618,California
Marin,2021-03-26,4285,185169,2324,103807,1747,78495,214,2867,2422,48761,1847,69493,2636,118254,California
Marin,2021-03-27,3691,188860,2648,106455,1025,79520,18,2885,1147,47392,2534,72027,1165,119419,California
Marin,2021-03-28,2375,191235,1718,108173,651,80171,6,2891,1100,47229,1269,73296,1106,120525,California
Marin,2021-03-29,2689,193924,2097,110270,567,80738,25,2916,1193,46954,1493,74789,1218,121743,California
Marin,2021-03-30,4653,198577,3649,113919,971,81709,33,2949,3065,48467,1585,76374,3098,124841,California
Marin,2021-03-31,5782,204359,4100,118019,1633,83342,49,2998,2574,47892,3198,79572,2623,127464,California
Marin,2021-04-01,4386,208745,2263,120282,1872,85214,251,3249,2111,47987,2267,81839,2362,129826,California
Marin,2021-04-02,3677,212422,1822,122104,1492,86706,363,3612,1961,48597,1710,83549,2320,132146,California
Marin,2021-04-03,3834,216256,2520,124624,945,87651,369,3981,1465,48072,2359,85908,1834,133980,California
Marin,2021-04-04,1633,217889,1227,125851,202,87853,204,4185,1193,49031,438,86346,1397,135377,California
Marin,2021-04-05,2184,220073,1517,127368,296,88149,371,4556,1260,49738,921,87267,1628,137005,California
Marin,2021-04-06,3932,224005,2102,129470,1283,89432,547,5103,2184,50723,1743,89010,2728,139733,California
Marin,2021-04-07,3900,227905,1967,131437,1295,90727,638,5741,1415,50298,2478,91488,2053,141786,California
Marin,2021-04-08,4988,232893,1950,133387,2432,93159,606,6347,2278,50473,2703,94191,2878,144664,California
Marin,2021-04-09,3938,236831,1530,134917,1683,94842,725,7072,1296,49854,2637,96828,2018,146682,California
Marin,2021-04-10,3183,240014,1461,136378,1289,96131,433,7505,1434,49980,1739,98567,1865,148547,California
Marin,2021-04-11,1056,241070,801,137179,93,96224,162,7667,474,50034,581,99148,635,149182,California
Marin,2021-04-12,1723,242793,1229,138408,341,96565,153,7820,921,50310,799,99947,1075,150257,California
Marin,2021-04-13,3708,246501,2273,140681,1428,97993,7,7827,1350,49319,2348,102295,1357,151614,California
Marin,2021-04-14,4145,250646,2477,143158,1666,99659,2,7829,1704,48590,2434,104729,1705,153319,California
Marin,2021-04-15,5541,256187,3924,147082,1617,101276,0,7829,3179,49422,2348,107077,3180,156499,California
Marin,2021-04-16,4234,260421,2230,149312,2001,103277,3,7832,2065,49333,2157,109234,2068,158567,California
Marin,2021-04-17,3518,263939,2151,151463,1367,104644,0,7832,1759,49338,1754,110988,1759,160326,California
Marin,2021-04-18,3201,267140,3100,154563,101,104745,0,7832,2562,51264,636,111624,2562,162888,California
Marin,2021-04-19,2012,269152,1843,156406,169,104914,0,7832,1164,51585,845,112469,1166,164054,California
Marin,2021-04-20,3696,272848,2557,158963,1139,106053,0,7832,1483,50860,2208,114677,1483,165537,California
Marin,2021-04-21,4012,276860,2949,161912,1061,107114,2,7834,1388,49640,2609,117286,1389,166926,California
Marin,2021-04-22,4115,280975,3103,165015,1012,108126,0,7834,1396,48328,2710,119996,1398,168324,California
Marin,2021-04-23,3094,284069,1762,166777,1332,109458,0,7834,1148,47536,1941,121937,1149,169473,California
Marin,2021-04-24,1492,285561,785,167562,705,110163,2,7836,705,47463,780,122717,707,170180,California
Marin,2021-04-25,1008,286569,907,168469,101,110264,0,7836,221,46901,783,123500,221,170401,California
Marin,2021-04-26,1317,287886,1120,169589,196,110460,1,7837,315,46217,1001,124501,317,170718,California
Marin,2021-04-27,1641,289527,1218,170807,416,110876,7,7844,535,45655,1102,125603,540,171258,California
Mariposa,2020-12-17,37,37,37,37,0,0,0,0,39,39,0,0,39,39,California
Mariposa,2020-12-18,56,93,56,93,0,0,0,0,57,96,0,0,57,96,California
Mariposa,2020-12-20,2,95,2,95,0,0,0,0,2,98,0,0,2,98,California
Mariposa,2020-12-21,47,142,47,142,0,0,0,0,52,150,0,0,52,150,California
Mariposa,2020-12-22,5,147,5,147,0,0,0,0,5,155,0,0,5,155,California
Mariposa,2020-12-23,17,164,17,164,0,0,0,0,17,172,0,0,17,172,California
Mariposa,2020-12-24,1,165,0,164,1,1,0,0,0,172,0,0,0,172,California
Mariposa,2020-12-26,1,166,1,165,0,1,0,0,1,173,0,0,1,173,California
Mariposa,2020-12-27,1,167,0,165,1,2,0,0,1,174,0,0,1,174,California
Mariposa,2020-12-28,6,173,3,168,3,5,0,0,6,180,0,0,6,180,California
Mariposa,2020-12-29,33,206,3,171,30,35,0,0,33,213,0,0,33,213,California
Mariposa,2020-12-30,25,231,4,175,21,56,0,0,25,238,0,0,25,238,California
Mariposa,2020-12-31,17,248,0,175,17,73,0,0,17,255,0,0,17,255,California
Mariposa,2021-01-02,2,250,2,177,0,73,0,0,2,257,0,0,2,257,California
Mariposa,2021-01-04,8,258,1,178,7,80,0,0,8,265,0,0,8,265,California
Mariposa,2021-01-05,24,282,14,192,10,90,0,0,14,269,10,10,14,279,California
Mariposa,2021-01-06,6,288,3,195,3,93,0,0,3,269,3,13,3,282,California
Mariposa,2021-01-07,52,340,47,242,5,98,0,0,5,227,47,60,5,287,California
Mariposa,2021-01-08,109,449,80,322,29,127,0,0,34,186,75,135,34,321,California
Mariposa,2021-01-09,1,450,0,322,1,128,0,0,1,187,0,135,1,322,California
Mariposa,2021-01-11,31,481,10,332,21,149,0,0,23,202,8,143,23,345,California
Mariposa,2021-01-12,19,500,4,336,15,164,0,0,15,213,4,147,15,360,California
Mariposa,2021-01-13,21,521,4,340,17,181,0,0,18,228,3,150,18,378,California
Mariposa,2021-01-14,73,594,7,347,66,247,0,0,67,289,6,156,67,445,California
Mariposa,2021-01-15,67,661,27,374,40,287,0,0,57,336,10,166,57,502,California
Mariposa,2021-01-16,14,675,2,376,12,299,0,0,13,348,1,167,13,515,California
Mariposa,2021-01-17,2,677,0,376,2,301,0,0,2,350,0,167,2,517,California
Mariposa,2021-01-18,3,680,3,379,0,301,0,0,1,349,2,169,1,518,California
Mariposa,2021-01-19,8,688,4,383,4,305,0,0,5,352,2,171,5,523,California
Mariposa,2021-01-20,23,711,1,384,22,327,0,0,22,373,1,172,22,545,California
Mariposa,2021-01-21,64,775,8,392,56,383,0,0,59,427,5,177,59,604,California
Mariposa,2021-01-22,55,830,2,394,53,436,0,0,55,482,0,177,55,659,California
Mariposa,2021-01-23,116,946,2,396,114,550,0,0,115,596,1,178,115,774,California
Mariposa,2021-01-24,2,948,2,398,0,550,0,0,2,598,0,178,2,776,California
Mariposa,2021-01-25,4,952,1,399,3,553,0,0,0,594,4,182,0,776,California
Mariposa,2021-01-26,36,988,4,403,32,585,0,0,4,570,32,214,8,784,California
Mariposa,2021-01-27,22,1010,1,404,21,606,0,0,13,574,9,223,13,797,California
Mariposa,2021-01-28,127,1137,3,407,124,730,0,0,113,674,13,236,113,910,California
Mariposa,2021-01-29,84,1221,22,429,62,792,0,0,83,756,1,237,83,993,California
Mariposa,2021-01-30,9,1230,1,430,8,800,0,0,8,763,1,238,8,1001,California
Mariposa,2021-01-31,1,1231,0,430,1,801,0,0,1,764,0,238,1,1002,California
Mariposa,2021-02-01,87,1318,30,460,57,858,0,0,66,809,21,259,66,1068,California
Mariposa,2021-02-02,15,1333,3,463,12,870,0,0,9,812,6,265,9,1077,California
Mariposa,2021-02-03,20,1353,1,464,19,889,0,0,14,820,6,271,14,1091,California
Mariposa,2021-02-04,92,1445,8,472,84,973,0,0,87,904,4,275,88,1179,California
Mariposa,2021-02-05,189,1634,5,477,184,1157,0,0,162,1039,27,302,162,1341,California
Mariposa,2021-02-06,11,1645,4,481,7,1164,0,0,10,1048,1,303,10,1351,California
Mariposa,2021-02-08,40,1685,2,483,38,1202,0,0,21,1050,19,322,21,1372,California
Mariposa,2021-02-09,43,1728,25,508,18,1220,0,0,37,1081,6,328,37,1409,California
Mariposa,2021-02-10,28,1756,5,513,23,1243,0,0,17,1094,10,338,23,1432,California
Mariposa,2021-02-11,373,2129,5,518,368,1611,0,0,360,1443,13,351,362,1794,California
Mariposa,2021-02-12,183,2312,7,525,176,1787,0,0,140,1540,43,394,140,1934,California
Mariposa,2021-02-13,11,2323,3,528,8,1795,0,0,9,1547,2,396,9,1943,California
Mariposa,2021-02-14,8,2331,4,532,4,1799,0,0,5,1549,3,399,5,1948,California
Mariposa,2021-02-15,9,2340,3,535,6,1805,0,0,7,1554,2,401,7,1955,California
Mariposa,2021-02-16,57,2397,34,569,23,1828,0,0,34,1565,23,424,34,1989,California
Mariposa,2021-02-17,36,2433,8,577,28,1856,0,0,27,1585,8,432,28,2017,California
Mariposa,2021-02-18,55,2488,7,584,48,1904,0,0,20,1570,35,467,20,2037,California
Mariposa,2021-02-19,82,2570,3,587,79,1983,0,0,77,1642,5,472,77,2114,California
Mariposa,2021-02-20,251,2821,4,591,247,2230,0,0,222,1836,28,500,222,2336,California
Mariposa,2021-02-21,233,3054,2,593,231,2461,0,0,232,2067,1,501,232,2568,California
Mariposa,2021-02-22,24,3078,7,600,17,2478,0,0,21,2085,3,504,21,2589,California
Mariposa,2021-02-23,42,3120,36,636,6,2484,0,0,25,2093,17,521,25,2614,California
Mariposa,2021-02-24,19,3139,3,639,16,2500,0,0,7,2089,11,532,7,2621,California
Mariposa,2021-02-25,17,3156,8,647,9,2509,0,0,11,2094,6,538,11,2632,California
Mariposa,2021-02-26,421,3577,6,653,415,2924,0,0,360,2394,61,599,361,2993,California
Mariposa,2021-02-27,171,3748,5,658,166,3090,0,0,160,2543,11,610,160,3153,California
Mariposa,2021-02-28,2,3750,1,659,1,3091,0,0,0,2541,2,612,0,3153,California
Mariposa,2021-03-01,81,3831,25,684,56,3147,0,0,16,2493,64,676,16,3169,California
Mariposa,2021-03-02,21,3852,14,698,7,3154,0,0,11,2495,9,685,11,3180,California
Mariposa,2021-03-03,71,3923,5,703,66,3220,0,0,66,2557,5,690,67,3247,California
Mariposa,2021-03-04,32,3955,8,711,24,3244,0,0,20,2565,12,702,20,3267,California
Mariposa,2021-03-05,51,4006,8,719,43,3287,0,0,37,2593,14,716,42,3309,California
Mariposa,2021-03-06,15,4021,6,725,9,3296,0,0,7,2592,8,724,7,3316,California
Mariposa,2021-03-07,1,4022,1,726,0,3296,0,0,0,2591,1,725,0,3316,California
Mariposa,2021-03-08,38,4060,4,730,23,3319,11,11,9,2582,29,754,20,3336,California
Mariposa,2021-03-09,47,4107,18,748,19,3338,10,21,16,2577,31,785,26,3362,California
Mariposa,2021-03-10,30,4137,10,758,10,3348,10,31,10,2577,20,805,20,3382,California
Mariposa,2021-03-11,464,4601,6,764,440,3788,18,49,224,2583,239,1044,245,3627,California
Mariposa,2021-03-12,253,4854,6,770,219,4007,28,77,113,2583,140,1184,140,3767,California
Mariposa,2021-03-13,33,4887,7,777,11,4018,15,92,12,2588,21,1205,26,3793,California
Mariposa,2021-03-14,17,4904,2,779,4,4022,11,103,3,2588,14,1219,14,3807,California
Mariposa,2021-03-15,76,4980,7,786,31,4053,38,141,31,2612,45,1264,69,3876,California
Mariposa,2021-03-16,82,5062,32,818,15,4068,35,176,24,2613,58,1322,59,3935,California
Mariposa,2021-03-17,72,5134,11,829,53,4121,8,184,52,2654,19,1341,60,3995,California
Mariposa,2021-03-18,66,5200,15,844,41,4162,10,194,41,2680,25,1366,51,4046,California
Mariposa,2021-03-19,335,5535,8,852,322,4484,5,199,301,2952,34,1400,306,4352,California
Mariposa,2021-03-20,424,5959,5,857,417,4901,2,201,48,2627,376,1776,51,4403,California
Mariposa,2021-03-21,14,5973,8,865,5,4906,1,202,9,2633,4,1780,10,4413,California
Mariposa,2021-03-22,36,6009,7,872,21,4927,8,210,25,2656,11,1791,34,4447,California
Mariposa,2021-03-23,52,6061,32,904,10,4937,10,220,32,2678,20,1811,42,4489,California
Mariposa,2021-03-24,55,6116,5,909,48,4985,2,222,50,2725,5,1816,52,4541,California
Mariposa,2021-03-25,73,6189,15,924,50,5035,8,230,53,2766,20,1836,61,4602,California
Mariposa,2021-03-26,486,6675,9,933,476,5511,1,231,250,2781,236,2072,251,4853,California
Mariposa,2021-03-27,225,6900,8,941,217,5728,0,231,90,2738,135,2207,92,4945,California
Mariposa,2021-03-28,5,6905,0,941,2,5730,3,234,1,2738,4,2211,4,4949,California
Mariposa,2021-03-29,18,6923,5,946,13,5743,0,234,11,2742,7,2218,11,4960,California
Mariposa,2021-03-30,38,6961,14,960,8,5751,16,250,15,2750,23,2241,31,4991,California
Mariposa,2021-03-31,89,7050,17,977,68,5819,4,254,71,2807,18,2259,75,5066,California
Mariposa,2021-04-01,49,7099,8,985,33,5852,8,262,29,2824,20,2279,37,5103,California
Mariposa,2021-04-02,265,7364,10,995,253,6105,2,264,230,3022,34,2313,232,5335,California
Mariposa,2021-04-03,9,7373,6,1001,3,6108,0,264,4,3021,5,2318,4,5339,California
Mariposa,2021-04-04,2,7375,1,1002,0,6108,1,265,0,3020,2,2320,1,5340,California
Mariposa,2021-04-05,30,7405,22,1024,5,6113,3,268,14,3021,16,2336,17,5357,California
Mariposa,2021-04-06,44,7449,20,1044,8,6121,16,284,13,3020,30,2366,29,5386,California
Mariposa,2021-04-07,31,7480,5,1049,7,6128,19,303,2,3012,29,2395,21,5407,California
Mariposa,2021-04-08,218,7698,13,1062,186,6314,19,322,84,2985,132,2527,105,5512,California
Mariposa,2021-04-09,34,7732,9,1071,13,6327,12,334,10,2983,24,2551,22,5534,California
Mariposa,2021-04-10,200,7932,1,1072,189,6516,10,344,186,3165,13,2564,195,5729,California
Mariposa,2021-04-11,115,8047,4,1076,109,6625,2,346,48,3149,67,2631,51,5780,California
Mariposa,2021-04-12,36,8083,10,1086,24,6649,2,348,8,3131,28,2659,10,5790,California
Mariposa,2021-04-13,55,8138,46,1132,9,6658,0,348,36,3148,19,2678,36,5826,California
Mariposa,2021-04-14,111,8249,6,1138,105,6763,0,348,59,3155,52,2730,59,5885,California
Mariposa,2021-04-15,54,8303,16,1154,38,6801,0,348,40,3184,11,2741,40,5925,California
Mariposa,2021-04-16,371,8674,12,1166,359,7160,0,348,96,3005,275,3016,96,6021,California
Mariposa,2021-04-17,11,8685,6,1172,5,7165,0,348,8,3010,3,3019,8,6029,California
Mariposa,2021-04-18,6,8691,0,1172,6,7171,0,348,3,3010,3,3022,3,6032,California
Mariposa,2021-04-19,54,8745,24,1196,30,7201,0,348,29,3015,24,3046,29,6061,California
Mariposa,2021-04-20,62,8807,49,1245,13,7214,0,348,40,3036,19,3065,40,6101,California
Mariposa,2021-04-21,21,8828,13,1258,8,7222,0,348,10,3036,10,3075,10,6111,California
Mariposa,2021-04-22,45,8873,8,1266,37,7259,0,348,37,3066,7,3082,37,6148,California
Mariposa,2021-04-23,317,9190,70,1336,247,7506,0,348,148,3046,169,3251,149,6297,California
Mariposa,2021-04-24,103,9293,8,1344,95,7601,0,348,41,3026,61,3312,41,6338,California
Mariposa,2021-04-26,9,9302,6,1350,3,7604,0,348,1,3019,8,3320,1,6339,California
Mariposa,2021-04-27,14,9316,12,1362,2,7606,0,348,6,3018,7,3327,6,6345,California
Mendocino,2020-12-17,70,70,70,70,0,0,0,0,70,70,0,0,70,70,California
Mendocino,2020-12-18,85,155,84,154,1,1,0,0,84,154,0,0,84,154,California
Mendocino,2020-12-19,4,159,4,158,0,1,0,0,4,158,0,0,4,158,California
Mendocino,2020-12-20,7,166,7,165,0,1,0,0,7,165,0,0,7,165,California
Mendocino,2020-12-21,244,410,244,409,0,1,0,0,77,242,0,0,77,242,California
Mendocino,2020-12-22,250,660,189,598,61,62,0,0,250,492,0,0,250,492,California
Mendocino,2020-12-23,270,930,47,645,223,285,0,0,269,761,0,0,269,761,California
Mendocino,2020-12-24,49,979,8,653,41,326,0,0,49,810,0,0,49,810,California
Mendocino,2020-12-25,1,980,0,653,1,327,0,0,1,811,0,0,1,811,California
Mendocino,2020-12-26,2,982,2,655,0,327,0,0,2,813,0,0,2,813,California
Mendocino,2020-12-27,1,983,0,655,1,328,0,0,1,814,0,0,1,814,California
Mendocino,2020-12-28,74,1057,9,664,65,393,0,0,74,888,0,0,74,888,California
Mendocino,2020-12-29,122,1179,61,725,61,454,0,0,122,1010,0,0,122,1010,California
Mendocino,2020-12-30,123,1302,68,793,55,509,0,0,123,1133,0,0,123,1133,California
Mendocino,2020-12-31,130,1432,95,888,35,544,0,0,130,1263,0,0,130,1263,California
Mendocino,2021-01-01,7,1439,5,893,2,546,0,0,7,1270,0,0,7,1270,California
Mendocino,2021-01-02,1,1440,1,894,0,546,0,0,1,1271,0,0,1,1271,California
Mendocino,2021-01-04,840,2280,19,913,821,1367,0,0,840,2111,0,0,840,2111,California
Mendocino,2021-01-05,71,2351,35,948,36,1403,0,0,58,2156,13,13,58,2169,California
Mendocino,2021-01-06,151,2502,129,1077,22,1425,0,0,141,2287,10,23,141,2310,California
Mendocino,2021-01-07,355,2857,235,1312,120,1545,0,0,292,2516,63,86,292,2602,California
Mendocino,2021-01-08,95,2952,82,1394,13,1558,0,0,41,2504,54,140,42,2644,California
Mendocino,2021-01-09,10,2962,6,1400,4,1562,0,0,8,2510,2,142,8,2652,California
Mendocino,2021-01-10,8,2970,8,1408,0,1562,0,0,1,2504,7,149,1,2653,California
Mendocino,2021-01-11,101,3071,92,1500,9,1571,0,0,43,2490,57,206,43,2696,California
Mendocino,2021-01-12,386,3457,376,1876,10,1581,0,0,270,2644,116,322,270,2966,California
Mendocino,2021-01-13,483,3940,145,2021,338,1919,0,0,442,3048,39,361,443,3409,California
Mendocino,2021-01-14,636,4576,20,2041,616,2535,0,0,627,3666,9,370,627,4036,California
Mendocino,2021-01-15,1857,6433,859,2900,998,3533,0,0,1853,5515,4,374,1853,5889,California
Mendocino,2021-01-16,791,7224,50,2950,741,4274,0,0,789,6302,2,376,789,6678,California
Mendocino,2021-01-17,554,7778,1,2951,553,4827,0,0,553,6854,1,377,553,7231,California
Mendocino,2021-01-18,488,8266,463,3414,25,4852,0,0,476,7318,12,389,476,7707,California
Mendocino,2021-01-19,332,8598,147,3561,185,5037,0,0,156,7298,176,565,156,7863,California
Mendocino,2021-01-20,552,9150,405,3966,147,5184,0,0,446,7641,104,669,447,8310,California
Mendocino,2021-01-21,535,9685,222,4188,313,5497,0,0,351,7809,183,852,351,8661,California
Mendocino,2021-01-22,149,9834,58,4246,91,5588,0,0,110,7880,39,891,110,8771,California
Mendocino,2021-01-23,155,9989,83,4329,72,5660,0,0,149,8023,6,897,149,8920,California
Mendocino,2021-01-24,5,9994,3,4332,2,5662,0,0,5,8028,0,897,5,8925,California
Mendocino,2021-01-25,191,10185,18,4350,173,5835,0,0,121,8079,70,967,121,9046,California
Mendocino,2021-01-26,157,10342,57,4407,100,5935,0,0,96,8114,61,1028,96,9142,California
Mendocino,2021-01-27,435,10777,365,4772,70,6005,0,0,174,8037,254,1282,177,9319,California
Mendocino,2021-01-28,585,11362,521,5293,64,6069,0,0,491,8434,94,1376,491,9810,California
Mendocino,2021-01-29,391,11753,350,5643,41,6110,0,0,362,8768,29,1405,363,10173,California
Mendocino,2021-01-30,48,11801,30,5673,18,6128,0,0,41,8802,7,1412,41,10214,California
Mendocino,2021-01-31,273,12074,2,5675,271,6399,0,0,3,8535,270,1682,3,10217,California
Mendocino,2021-02-01,381,12455,53,5728,328,6727,0,0,58,8270,323,2005,58,10275,California
Mendocino,2021-02-02,721,13176,502,6230,219,6946,0,0,363,8275,358,2363,363,10638,California
Mendocino,2021-02-03,391,13567,206,6436,185,7131,0,0,221,8328,168,2531,221,10859,California
Mendocino,2021-02-04,624,14191,528,6964,96,7227,0,0,499,8702,125,2656,499,11358,California
Mendocino,2021-02-05,1298,15489,1211,8175,87,7314,0,0,584,8573,713,3369,584,11942,California
Mendocino,2021-02-06,559,16048,158,8333,401,7715,0,0,544,9102,15,3384,544,12486,California
Mendocino,2021-02-07,32,16080,28,8361,4,7719,0,0,32,9134,0,3384,32,12518,California
Mendocino,2021-02-08,746,16826,715,9076,31,7750,0,0,284,8956,462,3846,284,12802,California
Mendocino,2021-02-09,141,16967,58,9134,83,7833,0,0,89,8993,52,3898,89,12891,California
Mendocino,2021-02-10,1480,18447,920,10054,560,8393,0,0,740,8999,734,4632,740,13631,California
Mendocino,2021-02-11,1133,19580,208,10262,925,9318,0,0,284,8434,849,5481,284,13915,California
Mendocino,2021-02-12,1401,20981,158,10420,1243,10561,0,0,636,8306,764,6245,636,14551,California
Mendocino,2021-02-13,496,21477,12,10432,484,11045,0,0,103,8022,392,6637,108,14659,California
Mendocino,2021-02-14,694,22171,3,10435,691,11736,0,0,134,7596,560,7197,134,14793,California
Mendocino,2021-02-15,329,22500,43,10478,286,12022,0,0,174,7615,155,7352,174,14967,California
Mendocino,2021-02-16,201,22701,51,10529,150,12172,0,0,131,7676,70,7422,131,15098,California
Mendocino,2021-02-17,1349,24050,1187,11716,162,12334,0,0,877,8083,470,7892,877,15975,California
Mendocino,2021-02-18,1780,25830,639,12355,1141,13475,0,0,1215,8734,564,8456,1215,17190,California
Mendocino,2021-02-19,749,26579,146,12501,603,14078,0,0,610,9205,139,8595,610,17800,California
Mendocino,2021-02-20,570,27149,544,13045,26,14104,0,0,540,9717,28,8623,540,18340,California
Mendocino,2021-02-21,326,27475,6,13051,320,14424,0,0,314,10020,11,8634,314,18654,California
Mendocino,2021-02-22,162,27637,30,13081,132,14556,0,0,70,9999,91,8725,70,18724,California
Mendocino,2021-02-23,673,28310,661,13742,12,14568,0,0,611,10549,61,8786,611,19335,California
Mendocino,2021-02-24,1838,30148,1759,15501,79,14647,0,0,1429,11575,405,9191,1431,20766,California
Mendocino,2021-02-25,1702,31850,531,16032,1171,15818,0,0,1284,12442,417,9608,1284,22050,California
Mendocino,2021-02-26,1400,33250,747,16779,653,16471,0,0,1037,13118,361,9969,1037,23087,California
Mendocino,2021-02-27,199,33449,151,16930,48,16519,0,0,76,13072,122,10091,76,23163,California
Mendocino,2021-02-28,34,33483,12,16942,22,16541,0,0,23,13084,11,10102,23,23186,California
Mendocino,2021-03-01,576,34059,533,17475,43,16584,0,0,539,13586,37,10139,539,23725,California
Mendocino,2021-03-02,70,34129,24,17499,46,16630,0,0,41,13599,28,10167,41,23766,California
Mendocino,2021-03-03,1705,35834,1327,18826,378,17008,0,0,1074,14044,629,10796,1074,24840,California
Mendocino,2021-03-04,1769,37603,147,18973,1622,18630,0,0,1552,15382,215,11011,1553,26393,California
Mendocino,2021-03-05,206,37809,145,19118,52,18682,9,9,117,15421,87,11098,126,26519,California
Mendocino,2021-03-06,242,38051,20,19138,197,18879,25,34,201,15607,40,11138,226,26745,California
Mendocino,2021-03-07,504,38555,7,19145,477,19356,20,54,117,15357,386,11524,136,26881,California
Mendocino,2021-03-08,124,38679,29,19174,59,19415,36,90,64,15399,58,11582,100,26981,California
Mendocino,2021-03-09,445,39124,228,19402,176,19591,41,131,350,15695,95,11677,391,27372,California
Mendocino,2021-03-10,1107,40231,978,20380,64,19655,65,196,267,15193,837,12514,335,27707,California
Mendocino,2021-03-11,820,41051,611,20991,156,19811,53,249,394,15216,424,12938,447,28154,California
Mendocino,2021-03-12,2015,43066,1029,22020,892,20703,94,343,1210,15722,798,13736,1304,29458,California
Mendocino,2021-03-13,653,43719,524,22544,72,20775,57,400,96,15322,553,14289,153,29611,California
Mendocino,2021-03-14,103,43822,2,22546,94,20869,7,407,11,15251,89,14378,18,29629,California
Mendocino,2021-03-15,596,44418,51,22597,488,21357,57,464,208,15129,387,14765,265,29894,California
Mendocino,2021-03-16,571,44989,374,22971,152,21509,45,509,139,14883,430,15195,184,30078,California
Mendocino,2021-03-17,1562,46551,1359,24330,56,21565,147,656,214,13906,1345,16540,368,30446,California
Mendocino,2021-03-18,1307,47858,248,24578,1021,22586,38,694,284,13212,1015,17555,321,30767,California
Mendocino,2021-03-19,1756,49614,857,25435,838,23424,61,755,334,12191,1418,18973,397,31164,California
Mendocino,2021-03-20,69,49683,11,25446,37,23461,21,776,13,12169,56,19029,34,31198,California
Mendocino,2021-03-21,8,49691,1,25447,2,23463,5,781,3,12172,5,19034,8,31206,California
Mendocino,2021-03-22,624,50315,580,26027,15,23478,29,810,146,11872,474,19508,174,31380,California
Mendocino,2021-03-23,166,50481,33,26060,103,23581,30,840,116,11968,50,19558,146,31526,California
Mendocino,2021-03-24,910,51391,839,26899,24,23605,47,887,115,11337,793,20351,162,31688,California
Mendocino,2021-03-25,1984,53375,50,26949,1915,25520,19,906,173,9720,1808,22159,191,31879,California
Mendocino,2021-03-26,505,53880,357,27306,123,25643,25,931,323,9886,182,22341,348,32227,California
Mendocino,2021-03-27,141,54021,12,27318,118,25761,11,942,82,9920,58,22399,92,32319,California
Mendocino,2021-03-28,26,54047,5,27323,17,25778,4,946,4,9906,22,22421,8,32327,California
Mendocino,2021-03-29,186,54233,97,27420,47,25825,42,988,95,9952,91,22512,137,32464,California
Mendocino,2021-03-30,682,54915,597,28017,48,25873,37,1025,414,10136,267,22779,451,32915,California
Mendocino,2021-03-31,863,55778,270,28287,534,26407,59,1084,409,10152,452,23231,468,33383,California
Mendocino,2021-04-01,1703,57481,393,28680,1232,27639,78,1162,378,9289,1318,24549,455,33838,California
Mendocino,2021-04-02,1282,58763,1054,29734,155,27794,73,1235,223,8529,1056,25605,296,34134,California
Mendocino,2021-04-03,703,59466,7,29741,675,28469,21,1256,87,8025,612,26217,108,34242,California
Mendocino,2021-04-04,69,59535,34,29775,29,28498,6,1262,54,8070,15,26232,60,34302,California
Mendocino,2021-04-05,209,59744,141,29916,44,28542,24,1286,129,8141,80,26312,151,34453,California
Mendocino,2021-04-06,382,60126,121,30037,180,28722,81,1367,106,8052,276,26588,187,34640,California
Mendocino,2021-04-07,475,60601,169,30206,63,28785,243,1610,114,8049,359,26947,356,34996,California
Mendocino,2021-04-08,1483,62084,910,31116,459,29244,114,1724,996,8678,482,27429,1111,36107,California
Mendocino,2021-04-09,750,62834,426,31542,170,29414,154,1878,395,8873,354,27783,549,36656,California
Mendocino,2021-04-10,386,63220,90,31632,251,29665,45,1923,192,8916,194,27977,237,36893,California
Mendocino,2021-04-11,121,63341,47,31679,18,29683,56,1979,58,8967,63,28040,114,37007,California
Mendocino,2021-04-12,615,63956,510,32189,46,29729,59,2038,411,9233,204,28244,470,37477,California
Mendocino,2021-04-13,286,64242,224,32413,62,29791,0,2038,220,9387,66,28310,220,37697,California
Mendocino,2021-04-14,509,64751,420,32833,89,29880,0,2038,408,9694,101,28411,408,38105,California
Mendocino,2021-04-15,653,65404,325,33158,328,30208,0,2038,394,9833,255,28666,394,38499,California
Mendocino,2021-04-16,121,65525,49,33207,72,30280,0,2038,73,9859,47,28713,73,38572,California
Mendocino,2021-04-17,195,65720,11,33218,184,30464,0,2038,70,9805,124,28837,70,38642,California
Mendocino,2021-04-18,7,65727,2,33220,5,30469,0,2038,4,9806,3,28840,4,38646,California
Mendocino,2021-04-19,530,66257,505,33725,25,30494,0,2038,433,10143,96,28936,433,39079,California
Mendocino,2021-04-20,392,66649,265,33990,127,30621,0,2038,262,10275,130,29066,262,39341,California
Mendocino,2021-04-21,163,66812,111,34101,52,30673,0,2038,108,10329,54,29120,108,39449,California
Mendocino,2021-04-22,452,67264,289,34390,163,30836,0,2038,320,10518,131,29251,320,39769,California
Mendocino,2021-04-23,712,67976,618,35008,94,30930,0,2038,609,11025,102,29353,609,40378,California
Mendocino,2021-04-24,63,68039,8,35016,55,30985,0,2038,60,11082,3,29356,60,40438,California
Mendocino,2021-04-25,52,68091,30,35046,19,31004,3,2041,19,11071,33,29389,22,40460,California
Mendocino,2021-04-26,218,68309,184,35230,29,31033,5,2046,161,11180,57,29446,166,40626,California
Mendocino,2021-04-27,46,68355,3,35233,33,31066,10,2056,30,11204,16,29462,40,40666,California
Merced,2020-12-16,3,3,3,3,0,0,0,0,3,3,0,0,3,3,California
Merced,2020-12-17,5,8,5,8,0,0,0,0,5,8,0,0,5,8,California
Merced,2020-12-18,145,153,145,153,0,0,0,0,145,153,0,0,145,153,California
Merced,2020-12-19,39,192,39,192,0,0,0,0,39,192,0,0,39,192,California
Merced,2020-12-20,17,209,17,209,0,0,0,0,17,209,0,0,17,209,California
Merced,2020-12-21,126,335,123,332,3,3,0,0,126,335,0,0,126,335,California
Merced,2020-12-22,153,488,153,485,0,3,0,0,153,488,0,0,153,488,California
Merced,2020-12-23,248,736,242,727,6,9,0,0,248,736,0,0,248,736,California
Merced,2020-12-24,71,807,71,798,0,9,0,0,71,807,0,0,71,807,California
Merced,2020-12-25,4,811,4,802,0,9,0,0,4,811,0,0,4,811,California
Merced,2020-12-26,6,817,3,805,3,12,0,0,6,817,0,0,6,817,California
Merced,2020-12-27,12,829,11,816,1,13,0,0,12,829,0,0,12,829,California
Merced,2020-12-28,122,951,98,914,24,37,0,0,122,951,0,0,122,951,California
Merced,2020-12-29,178,1129,123,1037,55,92,0,0,178,1129,0,0,178,1129,California
Merced,2020-12-30,215,1344,89,1126,126,218,0,0,215,1344,0,0,215,1344,California
Merced,2020-12-31,101,1445,34,1160,67,285,0,0,101,1445,0,0,101,1445,California
Merced,2021-01-01,2,1447,0,1160,2,287,0,0,2,1447,0,0,2,1447,California
Merced,2021-01-02,127,1574,117,1277,10,297,0,0,127,1574,0,0,127,1574,California
Merced,2021-01-03,9,1583,5,1282,4,301,0,0,9,1583,0,0,9,1583,California
Merced,2021-01-04,79,1662,41,1323,38,339,0,0,79,1662,0,0,79,1662,California
Merced,2021-01-05,317,1979,230,1553,87,426,0,0,311,1969,6,6,313,1975,California
Merced,2021-01-06,247,2226,98,1651,149,575,0,0,241,2204,6,12,241,2216,California
Merced,2021-01-07,183,2409,79,1730,104,679,0,0,173,2366,11,23,173,2389,California
Merced,2021-01-08,524,2933,393,2123,131,810,0,0,372,2587,151,174,372,2761,California
Merced,2021-01-09,23,2956,10,2133,13,823,0,0,17,2598,6,180,17,2778,California
Merced,2021-01-10,10,2966,6,2139,4,827,0,0,6,2600,4,184,6,2784,California
Merced,2021-01-11,224,3190,167,2306,57,884,0,0,101,2579,123,307,102,2886,California
Merced,2021-01-12,279,3469,156,2462,123,1007,0,0,229,2757,51,358,229,3115,California
Merced,2021-01-13,370,3839,173,2635,197,1204,0,0,220,2829,150,508,222,3337,California
Merced,2021-01-14,324,4163,200,2835,124,1328,0,0,159,2825,164,672,160,3497,California
Merced,2021-01-15,564,4727,125,2960,439,1767,0,0,526,3314,39,711,528,4025,California
Merced,2021-01-16,201,4928,122,3082,79,1846,0,0,196,3505,5,716,196,4221,California
Merced,2021-01-17,49,4977,12,3094,37,1883,0,0,48,3552,1,717,48,4269,California
Merced,2021-01-18,258,5235,126,3220,132,2015,0,0,236,3769,22,739,239,4508,California
Merced,2021-01-19,700,5935,578,3798,122,2137,0,0,530,4133,170,909,534,5042,California
Merced,2021-01-20,571,6506,466,4264,105,2242,0,0,515,4595,56,965,518,5560,California
Merced,2021-01-21,1003,7509,643,4907,360,2602,0,0,904,5403,99,1064,907,6467,California
Merced,2021-01-22,1297,8806,680,5587,617,3219,0,0,1271,6660,26,1090,1283,7750,California
Merced,2021-01-23,305,9111,183,5770,122,3341,0,0,200,6755,105,1195,200,7950,California
Merced,2021-01-24,32,9143,14,5784,18,3359,0,0,23,6770,8,1203,23,7973,California
Merced,2021-01-25,728,9871,242,6026,486,3845,0,0,668,7379,59,1262,668,8641,California
Merced,2021-01-26,906,10777,478,6504,428,4273,0,0,669,7839,210,1472,670,9311,California
Merced,2021-01-27,976,11753,583,7087,393,4666,0,0,814,8493,160,1632,814,10125,California
Merced,2021-01-28,1135,12888,591,7678,544,5210,0,0,1016,9391,119,1751,1017,11142,California
Merced,2021-01-29,846,13734,322,8000,524,5734,0,0,601,9756,238,1989,603,11745,California
Merced,2021-01-30,258,13992,27,8027,231,5965,0,0,243,9984,15,2004,243,11988,California
Merced,2021-01-31,45,14037,10,8037,35,6000,0,0,44,10027,1,2005,44,12032,California
Merced,2021-02-01,371,14408,52,8089,319,6319,0,0,324,10305,46,2051,324,12356,California
Merced,2021-02-02,290,14698,178,8267,112,6431,0,0,171,10360,117,2168,172,12528,California
Merced,2021-02-03,349,15047,71,8338,278,6709,0,0,169,10349,180,2348,169,12697,California
Merced,2021-02-04,369,15416,146,8484,223,6932,0,0,241,10464,127,2475,242,12939,California
Merced,2021-02-05,515,15931,174,8658,341,7273,0,0,275,10502,239,2714,277,13216,California
Merced,2021-02-06,388,16319,218,8876,170,7443,0,0,245,10606,142,2856,246,13462,California
Merced,2021-02-07,20,16339,12,8888,8,7451,0,0,13,10612,7,2863,13,13475,California
Merced,2021-02-08,278,16617,197,9085,81,7532,0,0,170,10675,108,2971,171,13646,California
Merced,2021-02-09,1211,17828,952,10037,259,7791,0,0,777,11027,426,3397,778,14424,California
Merced,2021-02-10,1848,19676,1431,11468,417,8208,0,0,1271,11729,569,3966,1271,15695,California
Merced,2021-02-11,2492,22168,1999,13467,493,8701,0,0,1811,12867,673,4639,1811,17506,California
Merced,2021-02-12,1709,23877,1010,14477,699,9400,0,0,752,12672,948,5587,753,18259,California
Merced,2021-02-13,355,24232,200,14677,155,9555,0,0,262,12844,92,5679,264,18523,California
Merced,2021-02-14,116,24348,26,14703,90,9645,0,0,95,12919,21,5700,96,18619,California
Merced,2021-02-15,272,24620,40,14743,232,9877,0,0,169,12991,98,5798,170,18789,California
Merced,2021-02-16,1208,25828,840,15583,368,10245,0,0,838,13478,353,6151,840,19629,California
Merced,2021-02-17,1870,27698,1627,17210,243,10488,0,0,1310,14243,547,6698,1312,20941,California
Merced,2021-02-18,1198,28896,809,18019,389,10877,0,0,396,13857,782,7480,396,21337,California
Merced,2021-02-19,1252,30148,405,18424,847,11724,0,0,529,13671,717,8197,531,21868,California
Merced,2021-02-20,274,30422,31,18455,243,11967,0,0,140,13679,132,8329,140,22008,California
Merced,2021-02-21,73,30495,59,18514,14,11981,0,0,29,13664,44,8373,29,22037,California
Merced,2021-02-22,825,31320,292,18806,533,12514,0,0,480,13800,344,8717,480,22517,California
Merced,2021-02-23,1071,32391,414,19220,657,13171,0,0,631,13995,436,9153,631,23148,California
Merced,2021-02-24,815,33206,303,19523,512,13683,0,0,446,14082,360,9513,447,23595,California
Merced,2021-02-25,1749,34955,860,20383,889,14572,0,0,1299,14936,447,9960,1301,24896,California
Merced,2021-02-26,2125,37080,1359,21742,766,15338,0,0,1717,16248,406,10366,1718,26614,California
Merced,2021-02-27,2501,39581,1087,22829,1413,16751,1,1,2217,18182,283,10649,2217,28831,California
Merced,2021-02-28,299,39880,72,22901,227,16978,0,1,251,18389,44,10693,251,29082,California
Merced,2021-03-01,1106,40986,277,23178,829,17807,0,1,771,18832,328,11021,771,29853,California
Merced,2021-03-02,1742,42728,900,24078,841,18648,1,2,1357,19812,378,11399,1358,31211,California
Merced,2021-03-03,2201,44929,1718,25796,482,19130,1,3,1448,20524,737,12136,1449,32660,California
Merced,2021-03-04,2875,47804,2263,28059,610,19740,2,5,1910,21489,948,13084,1913,34573,California
Merced,2021-03-05,2054,49858,1185,29244,846,20586,23,28,1518,22507,524,13608,1542,36115,California
Merced,2021-03-06,1150,51008,648,29892,480,21066,22,50,895,23170,254,13862,917,37032,California
Merced,2021-03-07,224,51232,62,29954,137,21203,25,75,195,23361,29,13891,220,37252,California
Merced,2021-03-08,1225,52457,630,30584,530,21733,65,140,1015,24231,209,14100,1079,38331,California
Merced,2021-03-09,1674,54131,991,31575,577,22310,106,246,1087,24843,582,14682,1194,39525,California
Merced,2021-03-10,2676,56807,1855,33430,621,22931,200,446,1609,25602,1055,15737,1814,41339,California
Merced,2021-03-11,1825,58632,615,34045,1004,23935,206,652,1218,26452,596,16333,1446,42785,California
Merced,2021-03-12,2180,60812,889,34934,1021,24956,270,922,1470,27497,707,17040,1752,44537,California
Merced,2021-03-13,721,61533,310,35244,169,25125,242,1164,415,27857,298,17338,658,45195,California
Merced,2021-03-14,248,61781,135,35379,83,25208,30,1194,150,27941,97,17435,181,45376,California
Merced,2021-03-15,1488,63269,489,35868,746,25954,253,1447,975,28662,506,17941,1227,46603,California
Merced,2021-03-16,1421,64690,680,36548,518,26472,223,1670,942,29355,470,18411,1163,47766,California
Merced,2021-03-17,1926,66616,1029,37577,719,27191,178,1848,1483,30582,436,18847,1663,49429,California
Merced,2021-03-18,1986,68602,1126,38703,714,27905,146,1994,1372,31506,606,19453,1530,50959,California
Merced,2021-03-19,2651,71253,1444,40147,1014,28919,193,2187,1379,31816,1263,20716,1573,52532,California
Merced,2021-03-20,2378,73631,1456,41603,533,29452,389,2576,959,31751,1417,22133,1352,53884,California
Merced,2021-03-21,556,74187,342,41945,201,29653,13,2589,437,32084,119,22252,452,54336,California
Merced,2021-03-22,1261,75448,628,42573,557,30210,76,2665,890,32687,364,22616,967,55303,California
Merced,2021-03-23,1810,77258,1090,43663,656,30866,64,2729,1335,33616,471,23087,1400,56703,California
Merced,2021-03-24,1316,78574,797,44460,485,31351,34,2763,891,34123,418,23505,925,57628,California
Merced,2021-03-25,3279,81853,2253,46713,1005,32356,21,2784,2061,34997,1210,24715,2084,59712,California
Merced,2021-03-26,1909,83762,1069,47782,806,33162,34,2818,882,34894,1019,25734,916,60628,California
Merced,2021-03-27,2856,86618,1607,49389,1192,34354,57,2875,1231,34567,1615,27349,1288,61916,California
Merced,2021-03-28,510,87128,211,49600,292,34646,7,2882,212,34490,297,27646,220,62136,California
Merced,2021-03-29,1584,88712,563,50163,860,35506,161,3043,657,34391,921,28567,822,62958,California
Merced,2021-03-30,2068,90780,786,50949,1223,36729,59,3102,927,34242,1135,29702,986,63944,California
Merced,2021-03-31,2099,92879,1394,52343,671,37400,34,3136,938,34069,1146,30848,973,64917,California
Merced,2021-04-01,2000,94879,886,53229,1007,38407,107,3243,844,33874,1148,31996,953,65870,California
Merced,2021-04-02,2245,97124,606,53835,1237,39644,402,3645,708,33467,1521,33517,1114,66984,California
Merced,2021-04-03,727,97851,342,54177,375,40019,10,3655,332,33417,394,33911,344,67328,California
Merced,2021-04-04,366,98217,141,54318,221,40240,4,3659,142,33342,223,34134,148,67476,California
Merced,2021-04-05,1206,99423,552,54870,444,40684,210,3869,395,33138,808,34942,604,68080,California
Merced,2021-04-06,2202,101625,710,55580,677,41361,815,4684,716,33187,1483,36425,1532,69612,California
Merced,2021-04-07,1597,103222,852,56432,638,41999,107,4791,562,32833,1024,37449,670,70282,California
Merced,2021-04-08,2180,105402,1099,57531,868,42867,213,5004,744,32382,1406,38855,955,71237,California
Merced,2021-04-09,1662,107064,463,57994,621,43488,578,5582,561,32439,1084,39939,1141,72378,California
Merced,2021-04-10,682,107746,363,58357,136,43624,183,5765,172,32287,506,40445,354,72732,California
Merced,2021-04-11,489,108235,279,58636,75,43699,135,5900,148,32232,339,40784,284,73016,California
Merced,2021-04-12,1387,109622,903,59539,365,44064,119,6019,806,32610,547,41331,925,73941,California
Merced,2021-04-13,2004,111626,1438,60977,563,44627,3,6022,934,32561,990,42321,941,74882,California
Merced,2021-04-14,1926,113552,1108,62085,818,45445,0,6022,896,32554,905,43226,898,75780,California
Merced,2021-04-15,2985,116537,1955,64040,1030,46475,0,6022,952,31698,1812,45038,956,76736,California
Merced,2021-04-16,2330,118867,1142,65182,1188,47663,0,6022,950,31360,1288,46326,950,77686,California
Merced,2021-04-17,1423,120290,781,65963,642,48305,0,6022,383,30709,1035,47361,384,78070,California
Merced,2021-04-18,468,120758,249,66212,219,48524,0,6022,192,30651,250,47611,192,78262,California
Merced,2021-04-19,1311,122069,736,66948,575,49099,0,6022,698,30829,520,48131,698,78960,California
Merced,2021-04-20,1407,123476,733,67681,674,49773,0,6022,784,31059,554,48685,784,79744,California
Merced,2021-04-21,1442,124918,870,68551,572,50345,0,6022,745,31219,586,49271,746,80490,California
Merced,2021-04-22,1548,126466,725,69276,823,51168,0,6022,775,31300,694,49965,775,81265,California
Merced,2021-04-23,1437,127903,535,69811,902,52070,0,6022,742,31395,648,50613,743,82008,California
Merced,2021-04-24,542,128445,375,70186,167,52237,0,6022,374,31606,164,50777,375,82383,California
Merced,2021-04-25,303,128748,173,70359,130,52367,0,6022,177,31659,124,50901,177,82560,California
Merced,2021-04-26,932,129680,361,70720,571,52938,0,6022,477,31711,426,51327,478,83038,California
Merced,2021-04-27,598,130278,264,70984,329,53267,5,6027,274,31679,315,51642,283,83321,California
Modoc,2020-12-16,1,1,1,1,0,0,0,0,1,1,0,0,1,1,California
Modoc,2020-12-21,100,101,100,101,0,0,0,0,100,101,0,0,100,101,California
Modoc,2020-12-22,14,115,14,115,0,0,0,0,14,115,0,0,14,115,California
Modoc,2020-12-23,4,119,4,119,0,0,0,0,4,119,0,0,4,119,California
Modoc,2020-12-24,1,120,1,120,0,0,0,0,1,120,0,0,1,120,California
Modoc,2020-12-28,2,122,2,122,0,0,0,0,2,122,0,0,2,122,California
Modoc,2020-12-29,10,132,1,123,9,9,0,0,10,132,0,0,10,132,California
Modoc,2020-12-30,7,139,0,123,7,16,0,0,7,139,0,0,7,139,California
Modoc,2021-01-02,2,141,0,123,2,18,0,0,2,141,0,0,2,141,California
Modoc,2021-01-04,8,149,0,123,8,26,0,0,8,149,0,0,8,149,California
Modoc,2021-01-05,2,151,1,124,1,27,0,0,2,151,0,0,2,151,California
Modoc,2021-01-06,3,154,2,126,1,28,0,0,2,152,1,1,2,153,California
Modoc,2021-01-07,72,226,0,126,72,100,0,0,72,224,0,1,72,225,California
Modoc,2021-01-08,105,331,0,126,105,205,0,0,105,329,0,1,105,330,California
Modoc,2021-01-10,1,332,1,127,0,205,0,0,0,328,1,2,0,330,California
Modoc,2021-01-11,91,423,82,209,9,214,0,0,19,275,72,74,19,349,California
Modoc,2021-01-12,94,517,25,234,69,283,0,0,68,317,26,100,68,417,California
Modoc,2021-01-13,24,541,4,238,20,303,0,0,22,337,2,102,22,439,California
Modoc,2021-01-14,129,670,6,244,123,426,0,0,124,456,5,107,124,563,California
Modoc,2021-01-15,6,676,1,245,5,431,0,0,6,462,0,107,6,569,California
Modoc,2021-01-16,1,677,1,246,0,431,0,0,1,463,0,107,1,570,California
Modoc,2021-01-18,1,678,1,247,0,431,0,0,1,464,0,107,1,571,California
Modoc,2021-01-19,5,683,3,250,2,433,0,0,3,465,2,109,3,574,California
Modoc,2021-01-20,11,694,1,251,10,443,0,0,11,476,0,109,11,585,California
Modoc,2021-01-21,157,851,2,253,155,598,0,0,157,633,0,109,157,742,California
Modoc,2021-01-22,2,853,0,253,2,600,0,0,2,635,0,109,2,744,California
Modoc,2021-01-25,11,864,0,253,11,611,0,0,11,646,0,109,11,755,California
Modoc,2021-01-26,65,929,1,254,64,675,0,0,65,711,0,109,65,820,California
Modoc,2021-01-27,41,970,2,256,39,714,0,0,25,720,16,125,25,845,California
Modoc,2021-01-28,144,1114,1,257,143,857,0,0,144,864,0,125,144,989,California
Modoc,2021-01-29,3,1117,1,258,2,859,0,0,3,867,0,125,3,992,California
Modoc,2021-02-01,25,1142,12,270,13,872,0,0,11,864,14,139,11,1003,California
Modoc,2021-02-02,170,1312,2,272,168,1040,0,0,167,1028,3,142,167,1170,California
Modoc,2021-02-03,18,1330,13,285,5,1045,0,0,11,1032,7,149,11,1181,California
Modoc,2021-02-04,155,1485,4,289,151,1196,0,0,27,931,128,277,27,1208,California
Modoc,2021-02-05,4,1489,3,292,1,1197,0,0,3,933,1,278,3,1211,California
Modoc,2021-02-08,9,1498,2,294,7,1204,0,0,8,940,1,279,8,1219,California
Modoc,2021-02-09,198,1696,13,307,185,1389,0,0,66,874,132,411,66,1285,California
Modoc,2021-02-10,5,1701,2,309,3,1392,0,0,4,877,1,412,4,1289,California
Modoc,2021-02-11,201,1902,3,312,198,1590,0,0,83,842,118,530,83,1372,California
Modoc,2021-02-12,4,1906,0,312,4,1594,0,0,2,842,2,532,2,1374,California
Modoc,2021-02-13,1,1907,0,312,1,1595,0,0,1,843,0,532,1,1375,California
Modoc,2021-02-16,147,2054,6,318,141,1736,0,0,143,982,4,536,143,1518,California
Modoc,2021-02-17,24,2078,1,319,23,1759,0,0,12,982,12,548,12,1530,California
Modoc,2021-02-18,188,2266,2,321,186,1945,0,0,25,846,162,710,26,1556,California
Modoc,2021-02-19,2,2268,2,323,0,1945,0,0,2,848,0,710,2,1558,California
Modoc,2021-02-20,1,2269,1,324,0,1945,0,0,1,849,0,710,1,1559,California
Modoc,2021-02-22,17,2286,9,333,8,1953,0,0,3,838,14,724,3,1562,California
Modoc,2021-02-23,20,2306,2,335,18,1971,0,0,1,820,19,743,1,1563,California
Modoc,2021-02-24,90,2396,1,336,89,2060,0,0,30,790,60,803,30,1593,California
Modoc,2021-02-25,169,2565,1,337,168,2228,0,0,13,647,156,959,13,1606,California
Modoc,2021-02-26,3,2568,0,337,3,2231,0,0,1,646,2,961,1,1607,California
Modoc,2021-02-27,5,2573,5,342,0,2231,0,0,2,645,3,964,2,1609,California
Modoc,2021-03-01,4,2577,0,342,4,2235,0,0,0,641,4,968,0,1609,California
Modoc,2021-03-02,193,2770,12,354,181,2416,0,0,26,500,167,1135,26,1635,California
Modoc,2021-03-03,12,2782,6,360,6,2422,0,0,2,492,10,1145,2,1637,California
Modoc,2021-03-04,175,2957,2,362,173,2595,0,0,148,613,27,1172,148,1785,California
Modoc,2021-03-05,4,2961,3,365,1,2596,0,0,2,613,2,1174,2,1787,California
Modoc,2021-03-06,11,2972,0,365,1,2597,10,10,1,614,10,1184,11,1798,California
Modoc,2021-03-07,6,2978,1,366,0,2597,5,15,1,615,5,1189,6,1804,California
Modoc,2021-03-08,7,2985,1,367,2,2599,4,19,1,614,6,1195,5,1809,California
Modoc,2021-03-09,126,3111,10,377,108,2707,8,27,61,618,65,1260,69,1878,California
Modoc,2021-03-10,9,3120,3,380,2,2709,4,31,4,621,5,1265,8,1886,California
Modoc,2021-03-11,207,3327,0,380,99,2808,108,139,22,566,185,1450,130,2016,California
Modoc,2021-03-12,10,3337,1,381,4,2812,5,144,4,569,6,1456,9,2025,California
Modoc,2021-03-13,4,3341,0,381,1,2813,3,147,1,570,3,1459,4,2029,California
Modoc,2021-03-15,12,3353,1,382,10,2823,1,148,10,579,2,1461,11,2040,California
Modoc,2021-03-16,173,3526,1,383,168,2991,4,152,42,493,131,1592,45,2085,California
Modoc,2021-03-17,10,3536,1,384,4,2995,5,157,2,492,8,1600,7,2092,California
Modoc,2021-03-18,66,3602,1,385,58,3053,7,164,34,501,32,1632,41,2133,California
Modoc,2021-03-19,5,3607,0,385,0,3053,5,169,0,501,5,1637,5,2138,California
Modoc,2021-03-20,6,3613,2,387,1,3054,3,172,1,500,5,1642,4,2142,California
Modoc,2021-03-21,4,3617,1,388,1,3055,2,174,2,502,2,1644,4,2146,California
Modoc,2021-03-22,18,3635,1,389,11,3066,6,180,12,514,6,1650,18,2164,California
Modoc,2021-03-23,35,3670,5,394,27,3093,3,183,27,536,8,1658,30,2194,California
Modoc,2021-03-24,29,3699,1,395,18,3111,10,193,2,521,27,1685,12,2206,California
Modoc,2021-03-25,76,3775,1,396,73,3184,2,195,44,535,32,1717,46,2252,California
Modoc,2021-03-26,7,3782,2,398,2,3186,3,198,2,535,5,1722,5,2257,California
Modoc,2021-03-27,2,3784,0,398,1,3187,1,199,1,536,1,1723,2,2259,California
Modoc,2021-03-28,2,3786,1,399,0,3187,1,200,0,535,2,1725,1,2260,California
Modoc,2021-03-29,14,3800,1,400,5,3192,8,208,5,539,9,1734,13,2273,California
Modoc,2021-03-30,56,3856,10,410,39,3231,7,215,22,534,34,1768,29,2302,California
Modoc,2021-03-31,9,3865,3,413,2,3233,4,219,3,535,6,1774,7,2309,California
Modoc,2021-04-01,170,4035,3,416,162,3395,5,224,35,440,135,1909,40,2349,California
Modoc,2021-04-02,4,4039,0,416,1,3396,3,227,0,440,3,1912,3,2352,California
Modoc,2021-04-03,5,4044,2,418,0,3396,3,230,2,442,2,1914,4,2356,California
Modoc,2021-04-05,9,4053,0,418,9,3405,0,230,9,451,0,1914,9,2365,California
Modoc,2021-04-06,24,4077,5,423,9,3414,10,240,6,449,18,1932,16,2381,California
Modoc,2021-04-07,11,4088,1,424,4,3418,6,246,3,450,8,1940,9,2390,California
Modoc,2021-04-08,97,4185,1,425,93,3511,3,249,26,408,71,2011,29,2419,California
Modoc,2021-04-09,11,4196,2,427,6,3517,3,252,2,403,9,2020,4,2423,California
Modoc,2021-04-10,5,4201,0,427,1,3518,4,256,0,402,5,2025,4,2427,California
Modoc,2021-04-11,2,4203,2,429,0,3518,0,256,1,402,1,2026,1,2428,California
Modoc,2021-04-12,14,4217,1,430,9,3527,4,260,1,396,11,2037,5,2433,California
Modoc,2021-04-13,28,4245,27,457,1,3528,0,260,21,410,7,2044,21,2454,California
Modoc,2021-04-14,2,4247,2,459,0,3528,0,260,1,410,1,2045,1,2455,California
Modoc,2021-04-15,99,4346,0,459,99,3627,0,260,26,363,73,2118,26,2481,California
Modoc,2021-04-16,4,4350,4,463,0,3627,0,260,3,365,1,2119,3,2484,California
Modoc,2021-04-17,2,4352,2,465,0,3627,0,260,2,367,0,2119,2,2486,California
Modoc,2021-04-18,1,4353,0,465,1,3628,0,260,1,368,0,2119,1,2487,California
Modoc,2021-04-19,7,4360,1,466,6,3634,0,260,2,365,5,2124,2,2489,California
Modoc,2021-04-20,27,4387,2,468,25,3659,0,260,9,356,18,2142,9,2498,California
Modoc,2021-04-21,2,4389,2,470,0,3659,0,260,0,354,2,2144,0,2498,California
Modoc,2021-04-22,91,4480,3,473,88,3747,0,260,33,330,58,2202,34,2532,California
Modoc,2021-04-23,4,4484,0,473,4,3751,0,260,3,332,1,2203,3,2535,California
Modoc,2021-04-24,1,4485,0,473,1,3752,0,260,1,333,0,2203,1,2536,California
Modoc,2021-04-26,7,4492,1,474,6,3758,0,260,3,332,4,2207,3,2539,California
Modoc,2021-04-27,1,4493,0,474,0,3758,1,261,0,331,1,2208,0,2539,California
Mono,2020-12-18,1,1,1,1,0,0,0,0,1,1,0,0,1,1,California
Mono,2020-12-19,5,6,5,6,0,0,0,0,5,6,0,0,5,6,California
Mono,2020-12-20,7,13,7,13,0,0,0,0,7,13,0,0,7,13,California
Mono,2020-12-21,24,37,17,30,7,7,0,0,24,37,0,0,24,37,California
Mono,2020-12-22,66,103,65,95,1,8,0,0,66,103,0,0,66,103,California
Mono,2020-12-23,70,173,42,137,28,36,0,0,70,173,0,0,70,173,California
Mono,2020-12-24,3,176,1,138,2,38,0,0,3,176,0,0,3,176,California
Mono,2020-12-26,3,179,3,141,0,38,0,0,3,179,0,0,3,179,California
Mono,2020-12-28,94,273,63,204,31,69,0,0,94,273,0,0,94,273,California
Mono,2020-12-29,29,302,29,233,0,69,0,0,29,302,0,0,29,302,California
Mono,2020-12-30,76,378,35,268,41,110,0,0,76,378,0,0,76,378,California
Mono,2020-12-31,4,382,1,269,3,113,0,0,4,382,0,0,4,382,California
Mono,2021-01-01,4,386,4,273,0,113,0,0,4,386,0,0,4,386,California
Mono,2021-01-02,2,388,2,275,0,113,0,0,2,388,0,0,2,388,California
Mono,2021-01-04,1,389,0,275,1,114,0,0,1,389,0,0,1,389,California
Mono,2021-01-05,45,434,2,277,43,157,0,0,44,432,1,1,44,433,California
Mono,2021-01-06,44,478,0,277,44,201,0,0,44,476,0,1,44,477,California
Mono,2021-01-07,55,533,3,280,52,253,0,0,54,529,1,2,54,531,California
Mono,2021-01-08,2,535,1,281,1,254,0,0,1,529,1,3,1,532,California
Mono,2021-01-09,4,539,4,285,0,254,0,0,0,525,4,7,0,532,California
Mono,2021-01-10,5,544,5,290,0,254,0,0,0,520,5,12,0,532,California
Mono,2021-01-11,8,552,5,295,3,257,0,0,4,520,4,16,4,536,California
Mono,2021-01-12,282,834,75,370,207,464,0,0,218,675,63,79,218,754,California
Mono,2021-01-13,233,1067,73,443,160,624,0,0,178,798,55,134,178,932,California
Mono,2021-01-14,73,1140,71,514,2,626,0,0,73,871,0,134,73,1005,California
Mono,2021-01-15,62,1202,2,516,60,686,0,0,62,933,0,134,62,1067,California
Mono,2021-01-16,4,1206,3,519,1,687,0,0,1,931,3,137,1,1068,California
Mono,2021-01-18,63,1269,54,573,9,696,0,0,2,872,61,198,2,1070,California
Mono,2021-01-19,209,1478,207,780,2,698,0,0,171,1006,38,236,172,1242,California
Mono,2021-01-20,230,1708,199,979,31,729,0,0,169,1114,61,297,169,1411,California
Mono,2021-01-21,3,1711,3,982,0,729,0,0,3,1117,0,297,3,1414,California
Mono,2021-01-22,4,1715,0,982,4,733,0,0,4,1121,0,297,4,1418,California
Mono,2021-01-23,595,2310,595,1577,0,733,0,0,594,1714,1,298,594,2012,California
Mono,2021-01-25,205,2515,167,1744,38,771,0,0,166,1841,39,337,166,2178,California
Mono,2021-01-26,507,3022,505,2249,2,773,0,0,501,2336,6,343,501,2679,California
Mono,2021-01-27,5,3027,1,2250,4,777,0,0,5,2341,0,343,5,2684,California
Mono,2021-01-28,7,3034,3,2253,4,781,0,0,3,2340,4,347,3,2687,California
Mono,2021-01-30,202,3236,200,2453,2,783,0,0,201,2540,1,348,201,2888,California
Mono,2021-01-31,243,3479,138,2591,105,888,0,0,139,2575,104,452,139,3027,California
Mono,2021-02-01,27,3506,27,2618,0,888,0,0,0,2548,27,479,0,3027,California
Mono,2021-02-02,5,3511,0,2618,5,893,0,0,2,2547,3,482,2,3029,California
Mono,2021-02-03,4,3515,2,2620,2,895,0,0,2,2547,2,484,2,3031,California
Mono,2021-02-04,211,3726,158,2778,53,948,0,0,90,2516,121,605,90,3121,California
Mono,2021-02-05,619,4345,613,3391,6,954,0,0,616,3129,3,608,616,3737,California
Mono,2021-02-06,139,4484,138,3529,1,955,0,0,137,3264,2,610,137,3874,California
Mono,2021-02-07,2,4486,0,3529,2,957,0,0,2,3266,0,610,2,3876,California
Mono,2021-02-08,171,4657,171,3700,0,957,0,0,15,3126,155,765,15,3891,California
Mono,2021-02-09,226,4883,6,3706,220,1177,0,0,14,2928,212,977,14,3905,California
Mono,2021-02-10,537,5420,187,3893,350,1527,0,0,195,2782,342,1319,196,4101,California
Mono,2021-02-11,7,5427,4,3897,3,1530,0,0,2,2779,5,1324,2,4103,California
Mono,2021-02-12,84,5511,20,3917,64,1594,0,0,26,2747,58,1382,26,4129,California
Mono,2021-02-13,586,6097,586,4503,0,1594,0,0,25,2212,560,1942,25,4154,California
Mono,2021-02-15,168,6265,166,4669,2,1596,0,0,3,2052,163,2105,3,4157,California
Mono,2021-02-16,518,6783,515,5184,3,1599,0,0,45,1627,470,2575,45,4202,California
Mono,2021-02-17,5,6788,1,5185,4,1603,0,0,1,1624,4,2579,1,4203,California
Mono,2021-02-18,3,6791,2,5187,1,1604,0,0,2,1625,1,2580,2,4205,California
Mono,2021-02-19,54,6845,53,5240,1,1605,0,0,54,1679,0,2580,54,4259,California
Mono,2021-02-20,4,6849,4,5244,0,1605,0,0,4,1683,0,2580,4,4263,California
Mono,2021-02-21,3,6852,3,5247,0,1605,0,0,3,1686,0,2580,3,4266,California
Mono,2021-02-22,285,7137,284,5531,1,1606,0,0,24,1450,260,2840,24,4290,California
Mono,2021-02-23,135,7272,115,5646,20,1626,0,0,22,1359,113,2953,22,4312,California
Mono,2021-02-24,8,7280,3,5649,5,1631,0,0,2,1355,6,2959,2,4314,California
Mono,2021-02-25,5,7285,2,5651,3,1634,0,0,3,1357,1,2960,3,4317,California
Mono,2021-02-26,600,7885,599,6250,1,1635,0,0,20,798,579,3539,20,4337,California
Mono,2021-02-27,141,8026,137,6387,4,1639,0,0,4,668,134,3673,4,4341,California
Mono,2021-03-01,2,8028,2,6389,0,1639,0,0,1,669,0,3673,1,4342,California
Mono,2021-03-02,5,8033,3,6392,2,1641,0,0,3,670,2,3675,3,4345,California
Mono,2021-03-03,82,8115,2,6394,80,1721,0,0,79,747,2,3677,79,4424,California
Mono,2021-03-04,4,8119,0,6394,4,1725,0,0,2,747,2,3679,2,4426,California
Mono,2021-03-05,37,8156,27,6421,10,1735,0,0,14,738,23,3702,14,4440,California
Mono,2021-03-06,510,8666,17,6438,493,2228,0,0,503,1236,5,3707,503,4943,California
Mono,2021-03-07,1,8667,0,6438,1,2229,0,0,0,1235,1,3708,0,4943,California
Mono,2021-03-08,540,9207,11,6449,526,2755,3,3,531,1760,9,3717,534,5477,California
Mono,2021-03-09,6,9213,2,6451,3,2758,1,4,3,1762,2,3719,4,5481,California
Mono,2021-03-10,286,9499,91,6542,192,2950,3,7,9,1499,275,3994,12,5493,California
Mono,2021-03-11,11,9510,0,6542,1,2951,10,17,0,1498,11,4005,10,5503,California
Mono,2021-03-12,7,9517,1,6543,1,2952,5,22,0,1496,7,4012,5,5508,California
Mono,2021-03-13,826,10343,389,6932,437,3389,0,22,818,2306,8,4020,818,6326,California
Mono,2021-03-14,4,10347,4,6936,0,3389,0,22,1,2304,3,4023,1,6327,California
Mono,2021-03-15,29,10376,23,6959,1,3390,5,27,12,2305,16,4039,17,6344,California
Mono,2021-03-16,16,10392,6,6965,4,3394,6,33,8,2311,8,4047,14,6358,California
Mono,2021-03-17,32,10424,3,6968,21,3415,8,41,21,2329,11,4058,29,6387,California
Mono,2021-03-18,21,10445,2,6970,11,3426,8,49,9,2334,12,4070,17,6404,California
Mono,2021-03-19,21,10466,1,6971,17,3443,3,52,17,2351,3,4073,20,6424,California
Mono,2021-03-20,5,10471,3,6974,1,3444,1,53,4,2355,1,4074,5,6429,California
Mono,2021-03-21,1,10472,1,6975,0,3444,0,53,1,2356,0,4074,1,6430,California
Mono,2021-03-22,11,10483,0,6975,6,3450,5,58,5,2360,6,4080,10,6440,California
Mono,2021-03-23,42,10525,5,6980,32,3482,5,63,19,2361,23,4103,24,6464,California
Mono,2021-03-24,12,10537,1,6981,6,3488,5,68,6,2366,6,4109,11,6475,California
Mono,2021-03-25,18,10555,2,6983,12,3500,4,72,12,2376,6,4115,16,6491,California
Mono,2021-03-26,19,10574,3,6986,11,3511,5,77,10,2383,8,4123,15,6506,California
Mono,2021-03-27,354,10928,351,7337,3,3514,0,77,328,2685,26,4149,328,6834,California
Mono,2021-03-28,1,10929,1,7338,0,3514,0,77,1,2686,0,4149,1,6835,California
Mono,2021-03-29,10,10939,3,7341,6,3520,1,78,8,2693,2,4151,9,6844,California
Mono,2021-03-30,15,10954,0,7341,11,3531,4,82,10,2702,5,4156,14,6858,California
Mono,2021-03-31,125,11079,7,7348,117,3648,1,83,46,2671,78,4234,47,6905,California
Mono,2021-04-01,8,11087,0,7348,7,3655,1,84,3,2670,5,4239,4,6909,California
Mono,2021-04-02,17,11104,2,7350,15,3670,0,84,6,2665,11,4250,6,6915,California
Mono,2021-04-03,849,11953,366,7716,483,4153,0,84,35,1887,813,5063,35,6950,California
Mono,2021-04-05,530,12483,17,7733,512,4665,1,85,31,1421,498,5561,32,6982,California
Mono,2021-04-06,20,12503,2,7735,5,4670,13,98,2,1418,18,5579,15,6997,California
Mono,2021-04-07,23,12526,2,7737,2,4672,19,117,3,1420,20,5599,22,7019,California
Mono,2021-04-08,21,12547,2,7739,2,4674,17,134,3,1422,18,5617,20,7039,California
Mono,2021-04-09,37,12584,4,7743,4,4678,29,163,7,1428,30,5647,36,7075,California
Mono,2021-04-10,446,13030,2,7745,437,5115,7,170,28,1045,418,6065,35,7110,California
Mono,2021-04-11,1,13031,1,7746,0,5115,0,170,0,1044,1,6066,0,7110,California
Mono,2021-04-12,6,13037,0,7746,3,5118,3,173,3,1047,3,6069,6,7116,California
Mono,2021-04-13,18,13055,2,7748,15,5133,1,174,12,1054,6,6075,13,7129,California
Mono,2021-04-14,26,13081,1,7749,25,5158,0,174,7,1042,19,6094,7,7136,California
Mono,2021-04-15,18,13099,3,7752,15,5173,0,174,9,1042,9,6103,9,7145,California
Mono,2021-04-16,14,13113,1,7753,13,5186,0,174,5,1038,9,6112,5,7150,California
Mono,2021-04-17,51,13164,2,7755,49,5235,0,174,44,1075,7,6119,44,7194,California
Mono,2021-04-18,2,13166,1,7756,1,5236,0,174,2,1077,0,6119,2,7196,California
Mono,2021-04-19,527,13693,320,8076,207,5443,0,174,200,952,325,6444,200,7396,California
Mono,2021-04-20,16,13709,2,8078,14,5457,0,174,11,958,5,6449,11,7407,California
Mono,2021-04-21,10,13719,1,8079,9,5466,0,174,3,954,7,6456,3,7410,California
Mono,2021-04-22,31,13750,16,8095,15,5481,0,174,12,947,19,6475,12,7422,California
Mono,2021-04-23,23,13773,2,8097,21,5502,0,174,13,950,10,6485,13,7435,California
Mono,2021-04-24,34,13807,19,8116,15,5517,0,174,20,956,14,6499,20,7455,California
Mono,2021-04-25,3,13810,2,8118,1,5518,0,174,3,959,0,6499,3,7458,California
Mono,2021-04-26,15,13825,5,8123,10,5528,0,174,7,958,8,6507,7,7465,California
Mono,2021-04-27,26,13851,22,8145,4,5532,0,174,23,978,3,6510,23,7488,California
Monterey,2020-12-16,4,4,4,4,0,0,0,0,4,4,0,0,4,4,California
Monterey,2020-12-17,83,87,83,87,0,0,0,0,83,87,0,0,83,87,California
Monterey,2020-12-18,481,568,481,568,0,0,0,0,481,568,0,0,481,568,California
Monterey,2020-12-19,579,1147,579,1147,0,0,0,0,579,1147,0,0,579,1147,California
Monterey,2020-12-20,422,1569,422,1569,0,0,0,0,422,1569,0,0,422,1569,California
Monterey,2020-12-21,719,2288,719,2288,0,0,0,0,719,2288,0,0,719,2288,California
Monterey,2020-12-22,533,2821,520,2808,13,13,0,0,533,2821,0,0,533,2821,California
Monterey,2020-12-23,436,3257,261,3069,175,188,0,0,436,3257,0,0,436,3257,California
Monterey,2020-12-24,84,3341,10,3079,74,262,0,0,84,3341,0,0,84,3341,California
Monterey,2020-12-25,6,3347,0,3079,6,268,0,0,6,3347,0,0,6,3347,California
Monterey,2020-12-26,92,3439,5,3084,87,355,0,0,92,3439,0,0,92,3439,California
Monterey,2020-12-27,7,3446,4,3088,3,358,0,0,7,3446,0,0,7,3446,California
Monterey,2020-12-28,475,3921,25,3113,450,808,0,0,475,3921,0,0,475,3921,California
Monterey,2020-12-29,900,4821,167,3280,733,1541,0,0,900,4821,0,0,900,4821,California
Monterey,2020-12-30,568,5389,98,3378,470,2011,0,0,568,5389,0,0,568,5389,California
Monterey,2020-12-31,34,5423,11,3389,23,2034,0,0,34,5423,0,0,34,5423,California
Monterey,2021-01-01,12,5435,2,3391,10,2044,0,0,12,5435,0,0,12,5435,California
Monterey,2021-01-02,137,5572,134,3525,3,2047,0,0,137,5572,0,0,137,5572,California
Monterey,2021-01-03,30,5602,29,3554,1,2048,0,0,30,5602,0,0,30,5602,California
Monterey,2021-01-04,410,6012,18,3572,392,2440,0,0,410,6012,0,0,410,6012,California
Monterey,2021-01-05,751,6763,326,3898,425,2865,0,0,737,6735,14,14,737,6749,California
Monterey,2021-01-06,655,7418,172,4070,483,3348,0,0,633,7346,22,36,633,7382,California
Monterey,2021-01-07,746,8164,572,4642,174,3522,0,0,422,7446,322,358,422,7804,California
Monterey,2021-01-08,1086,9250,733,5375,353,3875,0,0,394,7148,692,1050,394,8198,California
Monterey,2021-01-09,962,10212,934,6309,28,3903,0,0,312,6810,650,1700,312,8510,California
Monterey,2021-01-10,273,10485,270,6579,3,3906,0,0,8,6553,265,1965,8,8518,California
Monterey,2021-01-11,1065,11550,984,7563,81,3987,0,0,362,6212,703,2668,362,8880,California
Monterey,2021-01-12,464,12014,387,7950,77,4064,0,0,203,6154,261,2929,203,9083,California
Monterey,2021-01-13,1217,13231,591,8541,626,4690,0,0,1172,7281,45,2974,1172,10255,California
Monterey,2021-01-14,1047,14278,93,8634,954,5644,0,0,1029,8295,18,2992,1032,11287,California
Monterey,2021-01-15,1045,15323,44,8678,1001,6645,0,0,1032,9314,13,3005,1032,12319,California
Monterey,2021-01-16,361,15684,298,8976,63,6708,0,0,356,9665,5,3010,356,12675,California
Monterey,2021-01-17,309,15993,288,9264,21,6729,0,0,296,9948,13,3023,296,12971,California
Monterey,2021-01-18,402,16395,50,9314,352,7081,0,0,381,10308,21,3044,381,13352,California
Monterey,2021-01-19,577,16972,396,9710,181,7262,0,0,418,10569,157,3201,418,13770,California
Monterey,2021-01-20,530,17502,268,9978,262,7524,0,0,324,10687,206,3407,324,14094,California
Monterey,2021-01-21,840,18342,93,10071,747,8271,0,0,730,11311,110,3517,734,14828,California
Monterey,2021-01-22,1048,19390,191,10262,857,9128,0,0,1009,12281,39,3556,1009,15837,California
Monterey,2021-01-23,240,19630,174,10436,66,9194,0,0,117,12277,122,3678,118,15955,California
Monterey,2021-01-24,56,19686,38,10474,18,9212,0,0,22,12265,34,3712,22,15977,California
Monterey,2021-01-25,782,20468,173,10647,609,9821,0,0,156,11802,619,4331,156,16133,California
Monterey,2021-01-26,927,21395,223,10870,704,10525,0,0,235,11345,692,5023,235,16368,California
Monterey,2021-01-27,857,22252,307,11177,550,11075,0,0,377,11242,480,5503,377,16745,California
Monterey,2021-01-28,2012,24264,736,11913,1276,12351,0,0,1671,12574,341,5844,1673,18418,California
Monterey,2021-01-29,1228,25492,705,12618,523,12874,0,0,1112,13572,115,5959,1113,19531,California
Monterey,2021-01-30,440,25932,293,12911,147,13021,0,0,183,13500,257,6216,185,19716,California
Monterey,2021-01-31,493,26425,71,12982,422,13443,0,0,483,13974,10,6226,484,20200,California
Monterey,2021-02-01,1661,28086,1147,14129,514,13957,0,0,1099,14512,561,6787,1099,21299,California
Monterey,2021-02-02,2152,30238,454,14583,1698,15655,0,0,1545,15451,606,7393,1545,22844,California
Monterey,2021-02-03,2327,32565,1046,15629,1281,16936,0,0,1551,16230,772,8165,1551,24395,California
Monterey,2021-02-04,2703,35268,2019,17648,684,17620,0,0,2441,18411,260,8425,2441,26836,California
Monterey,2021-02-05,3641,38909,2820,20468,821,18441,0,0,3208,21191,428,8853,3208,30044,California
Monterey,2021-02-06,1095,40004,378,20846,717,19158,0,0,754,21606,339,9192,754,30798,California
Monterey,2021-02-07,314,40318,270,21116,44,19202,0,0,95,21482,219,9411,95,30893,California
Monterey,2021-02-08,515,40833,289,21405,226,19428,0,0,429,21825,86,9497,429,31322,California
Monterey,2021-02-09,860,41693,673,22078,187,19615,0,0,550,22067,310,9807,552,31874,California
Monterey,2021-02-10,2011,43704,1040,23118,971,20586,0,0,1162,22381,849,10656,1163,33037,California
Monterey,2021-02-11,2498,46202,971,24089,1527,22113,0,0,1544,22975,952,11608,1546,34583,California
Monterey,2021-02-12,2584,48786,426,24515,2158,24271,0,0,1522,23436,1061,12669,1522,36105,California
Monterey,2021-02-13,1068,49854,50,24565,1018,25289,0,0,977,24322,91,12760,977,37082,California
Monterey,2021-02-14,589,50443,73,24638,516,25805,0,0,516,24765,73,12833,516,37598,California
Monterey,2021-02-15,1368,51811,160,24798,1208,27013,0,0,993,25386,373,13206,994,38592,California
Monterey,2021-02-16,1088,52899,243,25041,845,27858,0,0,866,26030,222,13428,866,39458,California
Monterey,2021-02-17,1934,54833,1161,26202,773,28631,0,0,1635,27371,297,13725,1638,41096,California
Monterey,2021-02-18,2224,57057,1177,27379,1047,29678,0,0,908,26975,1306,15031,910,42006,California
Monterey,2021-02-19,2936,59993,1531,28910,1405,31083,0,0,1345,26729,1591,16622,1345,43351,California
Monterey,2021-02-20,1003,60996,603,29513,400,31483,0,0,950,27627,52,16674,950,44301,California
Monterey,2021-02-21,1239,62235,1211,30724,28,31511,0,0,1170,28730,67,16741,1170,45471,California
Monterey,2021-02-22,975,63210,844,31568,131,31642,0,0,642,29041,331,17072,642,46113,California
Monterey,2021-02-23,949,64159,617,32185,332,31974,0,0,299,28692,649,17721,300,46413,California
Monterey,2021-02-24,2458,66617,1312,33497,1146,33120,0,0,1847,29934,606,18327,1848,48261,California
Monterey,2021-02-25,4343,70960,2377,35874,1966,35086,0,0,1449,28497,2887,21214,1450,49711,California
Monterey,2021-02-26,5242,76202,3079,38953,2163,37249,0,0,2620,28499,2619,23833,2621,52332,California
Monterey,2021-02-27,995,77197,182,39135,813,38062,0,0,805,29119,185,24018,805,53137,California
Monterey,2021-02-28,1527,78724,81,39216,1446,39508,0,0,1065,29727,457,24475,1065,54202,California
Monterey,2021-03-01,1277,80001,137,39353,1137,40645,3,3,742,29941,532,25007,746,54948,California
Monterey,2021-03-02,2727,82728,1717,41070,1010,41655,0,3,1877,30972,846,25853,1877,56825,California
Monterey,2021-03-03,3198,85926,1240,42310,1958,43613,0,3,1303,30383,1893,27746,1304,58129,California
Monterey,2021-03-04,4544,90470,1464,43774,3080,46693,0,3,2975,31793,1565,29311,2975,61104,California
Monterey,2021-03-05,3580,94050,1622,45396,1681,48374,277,280,2950,34391,629,29940,3227,64331,California
Monterey,2021-03-06,5014,99064,1065,46461,3646,52020,303,583,4110,37901,901,30841,4411,68742,California
Monterey,2021-03-07,521,99585,108,46569,168,52188,245,828,234,38091,287,31128,477,69219,California
Monterey,2021-03-08,1651,101236,325,46894,941,53129,385,1213,1116,39056,535,31663,1500,70719,California
Monterey,2021-03-09,1902,103138,675,47569,951,54080,276,1489,1414,40257,487,32150,1688,72407,California
Monterey,2021-03-10,3108,106246,1015,48584,1607,55687,486,1975,1412,40465,1690,33840,1898,74305,California
Monterey,2021-03-11,4099,110345,1403,49987,2324,58011,372,2347,2338,41421,1754,35594,2710,77015,California
Monterey,2021-03-12,4264,114609,2016,52003,2131,60142,117,2464,2602,42480,1659,37253,2718,79733,California
Monterey,2021-03-13,5235,119844,961,52964,3927,64069,347,2811,3929,45450,1306,38559,4276,84009,California
Monterey,2021-03-14,2147,121991,1326,54290,796,64865,25,2836,576,44491,1560,40119,601,84610,California
Monterey,2021-03-15,3942,125933,1266,55556,2386,67251,290,3126,2255,45352,1683,41802,2544,87154,California
Monterey,2021-03-16,3487,129420,571,56127,2542,69793,374,3500,2077,46391,1409,43211,2448,89602,California
Monterey,2021-03-17,5676,135096,2307,58434,3118,72911,251,3751,4086,49151,1582,44793,4342,93944,California
Monterey,2021-03-18,4353,139449,2154,60588,2032,74943,167,3918,3006,51022,1341,46134,3212,97156,California
Monterey,2021-03-19,5384,144833,2558,63146,2684,77627,142,4060,4114,54014,1265,47399,4257,101413,California
Monterey,2021-03-20,3300,148133,421,63567,2184,79811,695,4755,2221,55855,1075,48474,2916,104329,California
Monterey,2021-03-21,622,148755,200,63767,414,80225,8,4763,556,56353,65,48539,563,104892,California
Monterey,2021-03-22,2452,151207,1430,65197,961,81186,61,4824,2247,58458,202,48741,2307,107199,California
Monterey,2021-03-23,3961,155168,2345,67542,1574,82760,42,4866,2507,59558,1449,50190,2549,109748,California
Monterey,2021-03-24,4975,160143,2084,69626,2580,85340,311,5177,3624,62143,1347,51537,3932,113680,California
Monterey,2021-03-25,5206,165349,1213,70839,3636,88976,357,5534,2609,62521,2589,54126,2967,116647,California
Monterey,2021-03-26,5290,170639,2604,73443,2620,91596,66,5600,2652,62612,2629,56755,2720,119367,California
Monterey,2021-03-27,4748,175387,1415,74858,3077,94673,256,5856,3038,64199,1707,58462,3294,122661,California
Monterey,2021-03-28,1109,176496,334,75192,767,95440,8,5864,628,64358,477,58939,636,123297,California
Monterey,2021-03-29,3164,179660,1402,76594,1748,97188,14,5878,1950,65118,1207,60146,1967,125264,California
Monterey,2021-03-30,4435,184095,2130,78724,2264,99452,41,5919,2749,66238,1675,61821,2795,128059,California
Monterey,2021-03-31,5278,189373,2375,81099,2112,101564,791,6710,3321,68399,1953,63774,4114,132173,California
Monterey,2021-04-01,6013,195386,2057,83156,3549,105113,407,7117,3012,68829,2987,66761,3417,135590,California
Monterey,2021-04-02,4660,200046,2241,85397,2358,107471,61,7178,3167,70569,1491,68252,3231,138821,California
Monterey,2021-04-03,5710,205756,1091,86488,3604,111075,1015,8193,1180,68245,4515,72767,2191,141012,California
Monterey,2021-04-04,751,206507,155,86643,583,111658,13,8206,483,68475,268,73035,498,141510,California
Monterey,2021-04-05,3961,210468,2458,89101,1276,112934,227,8433,1484,67714,2472,75507,1711,143221,California
Monterey,2021-04-06,3152,213620,1307,90408,1374,114308,471,8904,1119,67276,2028,77535,1590,144811,California
Monterey,2021-04-07,5488,219108,1401,91809,3578,117886,509,9413,2655,67617,2822,80357,3163,147974,California
Monterey,2021-04-08,6369,225477,3454,95263,2115,120001,800,10213,3166,68387,3197,83554,3967,151941,California
Monterey,2021-04-09,5512,230989,3369,98632,1514,121515,629,10842,2233,67972,3275,86829,2860,154801,California
Monterey,2021-04-10,9838,240827,4925,103557,2765,124280,2148,12990,4923,70136,4907,91736,7071,161872,California
Monterey,2021-04-11,5432,246259,4267,107824,567,124847,598,13588,4394,74095,1032,92768,4991,166863,California
Monterey,2021-04-12,4048,250307,1844,109668,1894,126741,310,13898,901,72297,3009,95777,1211,168074,California
Monterey,2021-04-13,3109,253416,712,110380,2393,129134,4,13902,1488,72190,1600,97377,1493,169567,California
Monterey,2021-04-14,6557,259973,3111,113491,3444,132578,2,13904,1797,69243,4746,102123,1799,171366,California
Monterey,2021-04-15,5712,265685,3861,117352,1851,134429,0,13904,3811,71183,1871,103994,3811,175177,California
Monterey,2021-04-16,4660,270345,2390,119742,2256,136685,14,13918,2173,70894,2476,106470,2187,177364,California
Monterey,2021-04-17,4757,275102,1330,121072,3427,140112,0,13918,3368,72882,1380,107850,3368,180732,California
Monterey,2021-04-18,833,275935,254,121326,579,140691,0,13918,236,72525,593,108443,236,180968,California
Monterey,2021-04-19,3671,279606,1286,122612,2385,143076,0,13918,1753,72368,1910,110353,1753,182721,California
Monterey,2021-04-20,3733,283339,1562,124174,2171,145247,0,13918,1540,71737,2172,112525,1541,184262,California
Monterey,2021-04-21,5681,289020,3105,127279,2576,147823,0,13918,2766,71624,2881,115406,2768,187030,California
Monterey,2021-04-22,4545,293565,956,128235,3589,151412,0,13918,1834,70780,2678,118084,1834,188864,California
Monterey,2021-04-23,5439,299004,2538,130773,2900,154312,1,13919,2079,69519,3341,121425,2080,190944,California
Monterey,2021-04-24,3156,302160,421,131194,2735,157047,0,13919,1360,69102,1777,123202,1360,192304,California
Monterey,2021-04-25,1026,303186,453,131647,573,157620,0,13919,612,69304,410,123612,612,192916,California
Monterey,2021-04-26,2801,305987,1680,133327,1106,158726,15,13934,697,67937,2079,125691,712,193628,California
Monterey,2021-04-27,1254,307241,457,133784,743,159469,54,13988,541,67823,709,126400,595,194223,California
Napa,2020-12-16,12,12,12,12,0,0,0,0,12,12,0,0,12,12,California
Napa,2020-12-17,44,56,44,56,0,0,0,0,44,56,0,0,44,56,California
Napa,2020-12-18,102,158,102,158,0,0,0,0,102,158,0,0,102,158,California
Napa,2020-12-19,221,379,221,379,0,0,0,0,221,379,0,0,221,379,California
Napa,2020-12-20,188,567,188,567,0,0,0,0,188,567,0,0,188,567,California
Napa,2020-12-21,310,877,310,877,0,0,0,0,311,878,0,0,311,878,California
Napa,2020-12-22,340,1217,331,1208,9,9,0,0,340,1218,0,0,340,1218,California
Napa,2020-12-23,428,1645,319,1527,109,118,0,0,428,1646,0,0,428,1646,California
Napa,2020-12-24,139,1784,78,1605,61,179,0,0,139,1785,0,0,139,1785,California
Napa,2020-12-25,1,1785,1,1606,0,179,0,0,1,1786,0,0,1,1786,California
Napa,2020-12-26,39,1824,11,1617,28,207,0,0,39,1825,0,0,39,1825,California
Napa,2020-12-27,32,1856,16,1633,16,223,0,0,32,1857,0,0,32,1857,California
Napa,2020-12-28,251,2107,185,1818,66,289,0,0,280,2137,0,0,280,2137,California
Napa,2020-12-29,273,2380,214,2032,59,348,0,0,307,2444,0,0,307,2444,California
Napa,2020-12-30,630,3010,486,2518,144,492,0,0,638,3082,0,0,638,3082,California
Napa,2020-12-31,461,3471,373,2891,88,580,0,0,461,3543,0,0,461,3543,California
Napa,2021-01-01,1,3472,1,2892,0,580,0,0,1,3544,0,0,1,3544,California
Napa,2021-01-02,98,3570,93,2985,5,585,0,0,98,3642,0,0,98,3642,California
Napa,2021-01-03,13,3583,11,2996,2,587,0,0,9,3651,0,0,9,3651,California
Napa,2021-01-04,107,3690,64,3060,43,630,0,0,107,3758,0,0,107,3758,California
Napa,2021-01-05,155,3845,85,3145,70,700,0,0,138,3872,24,24,138,3896,California
Napa,2021-01-06,455,4300,114,3259,341,1041,0,0,391,4201,62,86,391,4287,California
Napa,2021-01-07,495,4795,234,3493,261,1302,0,0,395,4497,99,185,395,4682,California
Napa,2021-01-08,442,5237,226,3719,216,1518,0,0,262,4580,179,364,262,4944,California
Napa,2021-01-09,325,5562,300,4019,25,1543,0,0,189,4633,136,500,189,5133,California
Napa,2021-01-10,184,5746,101,4120,83,1626,0,0,109,4667,75,575,109,5242,California
Napa,2021-01-11,881,6627,426,4546,455,2081,0,0,508,4802,374,949,509,5751,California
Napa,2021-01-12,1311,7938,370,4916,941,3022,0,0,996,5483,315,1264,996,6747,California
Napa,2021-01-13,1313,9251,264,5180,1049,4071,0,0,1151,6474,161,1425,1152,7899,California
Napa,2021-01-14,1052,10303,173,5353,879,4950,0,0,934,7292,116,1541,934,8833,California
Napa,2021-01-15,1453,11756,384,5737,1069,6019,0,0,1305,8442,156,1697,1306,10139,California
Napa,2021-01-16,356,12112,134,5871,222,6241,0,0,338,8762,18,1715,338,10477,California
Napa,2021-01-17,340,12452,175,6046,165,6406,0,0,330,9082,10,1725,330,10807,California
Napa,2021-01-18,1081,13533,197,6243,884,7290,0,0,990,9981,91,1816,990,11797,California
Napa,2021-01-19,1009,14542,406,6649,603,7893,0,0,766,10505,242,2058,766,12563,California
Napa,2021-01-20,825,15367,185,6834,640,8533,0,0,643,10968,180,2238,643,13206,California
Napa,2021-01-21,1335,16702,374,7208,961,9494,0,0,1080,11795,254,2492,1081,14287,California
Napa,2021-01-22,1539,18241,411,7619,1128,10622,0,0,1212,12682,326,2818,1213,15500,California
Napa,2021-01-23,398,18639,318,7937,80,10702,0,0,336,12956,62,2880,336,15836,California
Napa,2021-01-24,266,18905,189,8126,77,10779,0,0,208,13106,58,2938,208,16044,California
Napa,2021-01-25,1522,20427,231,8357,1291,12070,0,0,1432,14448,90,3028,1432,17476,California
Napa,2021-01-26,882,21309,285,8642,597,12667,0,0,787,15142,95,3123,789,18265,California
Napa,2021-01-27,626,21935,220,8862,406,13073,0,0,470,15457,156,3279,471,18736,California
Napa,2021-01-28,390,22325,177,9039,213,13286,0,0,198,15465,190,3469,198,18934,California
Napa,2021-01-29,254,22579,65,9104,189,13475,0,0,159,15529,95,3564,159,19093,California
Napa,2021-01-30,804,23383,695,9799,109,13584,0,0,640,16005,164,3728,640,19733,California
Napa,2021-01-31,655,24038,625,10424,30,13614,0,0,629,16608,26,3754,629,20362,California
Napa,2021-02-01,315,24353,110,10534,205,13819,0,0,163,16619,152,3906,163,20525,California
Napa,2021-02-02,595,24948,281,10815,314,14133,0,0,293,16613,299,4205,293,20818,California
Napa,2021-02-03,741,25689,309,11124,432,14565,0,0,432,16736,309,4514,432,21250,California
Napa,2021-02-04,789,26478,374,11498,415,14980,0,0,441,16831,346,4860,441,21691,California
Napa,2021-02-05,707,27185,314,11812,393,15373,0,0,340,16804,367,5227,340,22031,California
Napa,2021-02-06,434,27619,145,11957,289,15662,0,0,329,17028,105,5332,329,22360,California
Napa,2021-02-07,175,27794,162,12119,13,15675,0,0,71,16995,104,5436,71,22431,California
Napa,2021-02-08,834,28628,191,12310,643,16318,0,0,272,16708,559,5995,272,22703,California
Napa,2021-02-09,1077,29705,443,12753,634,16952,0,0,437,16505,640,6635,437,23140,California
Napa,2021-02-10,1720,31425,192,12945,1528,18480,0,0,452,15693,1265,7900,453,23593,California
Napa,2021-02-11,1491,32916,194,13139,1297,19777,0,0,406,15027,1073,8973,407,24000,California
Napa,2021-02-12,2156,35072,837,13976,1319,21096,0,0,721,14316,1432,10405,721,24721,California
Napa,2021-02-13,495,35567,52,14028,443,21539,0,0,312,14445,183,10588,312,25033,California
Napa,2021-02-14,356,35923,90,14118,266,21805,0,0,195,14479,161,10749,195,25228,California
Napa,2021-02-15,872,36795,182,14300,690,22495,0,0,220,14049,650,11399,220,25448,California
Napa,2021-02-16,1287,38082,598,14898,689,23184,0,0,612,13987,674,12073,612,26060,California
Napa,2021-02-17,1048,39130,532,15430,516,23700,0,0,479,13899,567,12640,479,26539,California
Napa,2021-02-18,1896,41026,485,15915,1411,25111,0,0,659,13324,1234,13874,659,27198,California
Napa,2021-02-19,1482,42508,587,16502,895,26006,0,0,676,13195,805,14679,676,27874,California
Napa,2021-02-20,820,43328,595,17097,225,26231,0,0,272,12919,548,15227,272,28146,California
Napa,2021-02-21,797,44125,735,17832,62,26293,0,0,195,12512,602,15829,195,28341,California
Napa,2021-02-22,443,44568,187,18019,256,26549,0,0,138,12345,305,16134,138,28479,California
Napa,2021-02-23,1125,45693,301,18320,824,27373,0,0,307,11834,818,16952,307,28786,California
Napa,2021-02-24,1162,46855,642,18962,520,27893,0,0,573,11821,587,17539,574,29360,California
Napa,2021-02-25,2541,49396,1212,20174,1329,29222,0,0,1828,12937,712,18251,1828,31188,California
Napa,2021-02-26,1499,50895,524,20698,975,30197,0,0,585,12610,912,19163,585,31773,California
Napa,2021-02-27,1118,52013,378,21076,740,30937,0,0,866,13226,250,19413,866,32639,California
Napa,2021-02-28,560,52573,459,21535,101,31038,0,0,461,13590,97,19510,461,33100,California
Napa,2021-03-01,1101,53674,814,22349,287,31325,0,0,832,14154,268,19778,832,33932,California
Napa,2021-03-02,1485,55159,1025,23374,460,31785,0,0,1149,14968,335,20113,1149,35081,California
Napa,2021-03-03,1547,56706,685,24059,862,32647,0,0,1361,16144,185,20298,1361,36442,California
Napa,2021-03-04,1707,58413,783,24842,924,33571,0,0,1469,17378,235,20533,1469,37911,California
Napa,2021-03-05,1890,60303,782,25624,1104,34675,4,4,1475,18444,413,20946,1479,39390,California
Napa,2021-03-06,648,60951,281,25905,336,35011,31,35,536,18901,110,21056,567,39957,California
Napa,2021-03-07,521,61472,320,26225,186,35197,15,50,370,19135,151,21207,385,40342,California
Napa,2021-03-08,706,62178,331,26556,322,35519,53,103,529,19542,175,21382,582,40924,California
Napa,2021-03-09,1632,63810,570,27126,1016,36535,46,149,1202,20363,427,21809,1248,42172,California
Napa,2021-03-10,1476,65286,918,28044,466,37001,92,241,776,20534,697,22506,868,43040,California
Napa,2021-03-11,1840,67126,1045,29089,667,37668,128,369,949,20720,891,23397,1077,44117,California
Napa,2021-03-12,1499,68625,911,30000,493,38161,95,464,797,20911,700,24097,891,45008,California
Napa,2021-03-13,1164,69789,300,30300,840,39001,24,488,828,21429,334,24431,852,45860,California
Napa,2021-03-14,611,70400,328,30628,135,39136,148,636,227,21420,383,24814,374,46234,California
Napa,2021-03-15,946,71346,406,31034,471,39607,69,705,478,21501,466,25280,547,46781,California
Napa,2021-03-16,1834,73180,387,31421,1321,40928,126,831,1374,22546,456,25736,1501,48282,California
Napa,2021-03-17,2487,75667,1848,33269,460,41388,179,1010,1581,23400,906,26642,1760,50042,California
Napa,2021-03-18,2101,77768,915,34184,1176,42564,10,1020,1290,23891,809,27451,1300,51342,California
Napa,2021-03-19,1431,79199,859,35043,544,43108,28,1048,712,23915,716,28167,740,52082,California
Napa,2021-03-20,996,80195,527,35570,316,43424,153,1201,423,23919,572,28739,576,52658,California
Napa,2021-03-21,702,80897,680,36250,20,43444,2,1203,351,23922,350,29089,353,53011,California
Napa,2021-03-22,1086,81983,910,37160,165,43609,11,1214,477,23804,606,29695,488,53499,California
Napa,2021-03-23,1511,83494,820,37980,674,44283,17,1231,1001,24315,507,30202,1018,54517,California
Napa,2021-03-24,1702,85196,943,38923,751,45034,8,1239,821,24264,880,31082,829,55346,California
Napa,2021-03-25,1622,86818,1045,39968,523,45557,54,1293,746,24190,874,31956,800,56146,California
Napa,2021-03-26,1276,88094,826,40794,444,46001,6,1299,576,24075,697,32653,582,56728,California
Napa,2021-03-27,947,89041,431,41225,489,46490,27,1326,313,23781,634,33287,340,57068,California
Napa,2021-03-28,482,89523,372,41597,103,46593,7,1333,182,23671,299,33586,189,57257,California
Napa,2021-03-29,1186,90709,865,42462,316,46909,5,1338,725,23941,460,34046,730,57987,California
Napa,2021-03-30,2398,93107,929,43391,1465,48374,4,1342,1614,24775,784,34830,1618,59605,California
Napa,2021-03-31,1958,95065,955,44346,934,49308,69,1411,804,24495,1151,35981,871,60476,California
Napa,2021-04-01,1718,96783,820,45166,783,50091,115,1526,476,23849,1237,37218,591,61067,California
Napa,2021-04-02,1830,98613,823,45989,865,50956,142,1668,456,23076,1371,38589,598,61665,California
Napa,2021-04-03,624,99237,362,46351,203,51159,59,1727,209,22928,415,39004,267,61932,California
Napa,2021-04-04,351,99588,142,46493,151,51310,58,1785,122,22880,228,39232,180,62112,California
Napa,2021-04-05,1262,100850,753,47246,291,51601,218,2003,573,22983,688,39920,791,62903,California
Napa,2021-04-06,2213,103063,559,47805,1399,53000,255,2258,525,22078,1685,41605,780,63683,California
Napa,2021-04-07,1711,104774,690,48495,800,53800,221,2479,520,21633,1186,42791,741,64424,California
Napa,2021-04-08,1840,106614,1058,49553,412,54212,370,2849,975,22116,861,43652,1344,65768,California
Napa,2021-04-09,1522,108136,916,50469,305,54517,301,3150,675,22246,845,44497,975,66743,California
Napa,2021-04-10,1028,109164,346,50815,582,55099,100,3250,237,21793,790,45287,337,67080,California
Napa,2021-04-11,384,109548,301,51116,62,55161,21,3271,157,21744,227,45514,178,67258,California
Napa,2021-04-12,786,110334,303,51419,360,55521,123,3394,296,21672,489,46003,417,67675,California
Napa,2021-04-13,2516,112850,840,52259,1676,57197,0,3394,917,20994,1595,47598,917,68592,California
Napa,2021-04-14,2052,114902,976,53235,1076,58273,0,3394,1011,20971,1034,48632,1011,69603,California
Napa,2021-04-15,1596,116498,521,53756,1075,59348,0,3394,861,21102,730,49362,861,70464,California
Napa,2021-04-16,2811,119309,1498,55254,1313,60661,0,3394,2118,22529,691,50053,2118,72582,California
Napa,2021-04-17,1109,120418,264,55518,845,61506,0,3394,821,23063,288,50341,822,73404,California
Napa,2021-04-18,263,120681,171,55689,92,61598,0,3394,118,23037,144,50485,118,73522,California
Napa,2021-04-19,605,121286,336,56025,269,61867,0,3394,264,22961,340,50825,264,73786,California
Napa,2021-04-20,2912,124198,1941,57966,971,62838,0,3394,1967,23985,944,51769,1968,75754,California
Napa,2021-04-21,2740,126938,2012,59978,728,63566,0,3394,1702,24654,1033,52802,1702,77456,California
Napa,2021-04-22,1440,128378,1013,60991,427,63993,0,3394,656,24531,779,53581,656,78112,California
Napa,2021-04-23,1371,129749,1040,62031,329,64322,2,3396,927,25016,442,54023,927,79039,California
Napa,2021-04-24,369,130118,210,62241,159,64481,0,3396,211,25070,157,54180,211,79250,California
Napa,2021-04-25,192,130310,146,62387,46,64527,0,3396,101,25082,89,54269,101,79351,California
Napa,2021-04-26,441,130751,233,62620,208,64735,0,3396,231,25104,209,54478,231,79582,California
Napa,2021-04-27,413,131164,274,62894,137,64872,2,3398,135,24964,277,54755,137,79719,California
Nevada,2020-12-16,3,3,3,3,0,0,0,0,3,3,0,0,3,3,California
Nevada,2020-12-17,6,9,6,9,0,0,0,0,6,9,0,0,6,9,California
Nevada,2020-12-18,52,61,52,61,0,0,0,0,52,61,0,0,52,61,California
Nevada,2020-12-19,55,116,55,116,0,0,0,0,55,116,0,0,55,116,California
Nevada,2020-12-20,12,128,12,128,0,0,0,0,12,128,0,0,12,128,California
Nevada,2020-12-21,69,197,69,197,0,0,0,0,69,197,0,0,69,197,California
Nevada,2020-12-22,91,288,89,286,2,2,0,0,91,288,0,0,91,288,California
Nevada,2020-12-23,234,522,202,488,32,34,0,0,234,522,0,0,234,522,California
Nevada,2020-12-24,13,535,11,499,2,36,0,0,13,535,0,0,13,535,California
Nevada,2020-12-25,3,538,3,502,0,36,0,0,3,538,0,0,3,538,California
Nevada,2020-12-26,6,544,4,506,2,38,0,0,6,544,0,0,6,544,California
Nevada,2020-12-27,88,632,88,594,0,38,0,0,88,632,0,0,88,632,California
Nevada,2020-12-28,170,802,93,687,77,115,0,0,170,802,0,0,170,802,California
Nevada,2020-12-29,100,902,74,761,26,141,0,0,100,902,0,0,100,902,California
Nevada,2020-12-30,86,988,66,827,20,161,0,0,86,988,0,0,86,988,California
Nevada,2020-12-31,39,1027,9,836,30,191,0,0,39,1027,0,0,39,1027,California
Nevada,2021-01-01,1,1028,0,836,1,192,0,0,1,1028,0,0,1,1028,California
Nevada,2021-01-02,1,1029,1,837,0,192,0,0,1,1029,0,0,1,1029,California
Nevada,2021-01-03,129,1158,126,963,3,195,0,0,129,1158,0,0,129,1158,California
Nevada,2021-01-04,71,1229,47,1010,24,219,0,0,71,1229,0,0,71,1229,California
Nevada,2021-01-05,271,1500,130,1140,141,360,0,0,270,1498,1,1,270,1499,California
Nevada,2021-01-06,91,1591,43,1183,48,408,0,0,83,1573,8,9,83,1582,California
Nevada,2021-01-07,215,1806,43,1226,172,580,0,0,208,1776,6,15,209,1791,California
Nevada,2021-01-08,221,2027,127,1353,94,674,0,0,169,1893,52,67,169,1960,California
Nevada,2021-01-09,63,2090,56,1409,7,681,0,0,15,1860,48,115,15,1975,California
Nevada,2021-01-10,17,2107,9,1418,8,689,0,0,9,1861,8,123,9,1984,California
Nevada,2021-01-11,185,2292,131,1549,54,743,0,0,57,1790,128,251,57,2041,California
Nevada,2021-01-12,597,2889,451,2000,146,889,0,0,531,2255,66,317,531,2572,California
Nevada,2021-01-13,259,3148,146,2146,113,1002,0,0,124,2244,135,452,124,2696,California
Nevada,2021-01-14,237,3385,125,2271,112,1114,0,0,219,2446,17,469,219,2915,California
Nevada,2021-01-15,394,3779,169,2440,225,1339,0,0,296,2644,98,567,296,3211,California
Nevada,2021-01-16,296,4075,15,2455,281,1620,0,0,292,2932,4,571,292,3503,California
Nevada,2021-01-17,35,4110,31,2486,4,1624,0,0,33,2963,2,573,33,3536,California
Nevada,2021-01-18,150,4260,40,2526,110,1734,0,0,141,3095,9,582,141,3677,California
Nevada,2021-01-19,242,4502,85,2611,157,1891,0,0,223,3299,19,601,223,3900,California
Nevada,2021-01-20,259,4761,153,2764,106,1997,0,0,246,3532,13,614,246,4146,California
Nevada,2021-01-21,339,5100,207,2971,132,2129,0,0,326,3845,13,627,326,4472,California
Nevada,2021-01-22,347,5447,209,3180,138,2267,0,0,316,4130,31,658,316,4788,California
Nevada,2021-01-23,177,5624,104,3284,73,2340,0,0,177,4307,0,658,177,4965,California
Nevada,2021-01-24,105,5729,98,3382,7,2347,0,0,66,4334,39,697,66,5031,California
Nevada,2021-01-25,267,5996,137,3519,130,2477,0,0,206,4479,61,758,206,5237,California
Nevada,2021-01-26,401,6397,141,3660,260,2737,0,0,299,4676,102,860,299,5536,California
Nevada,2021-01-27,416,6813,247,3907,169,2906,0,0,392,5044,24,884,392,5928,California
Nevada,2021-01-28,466,7279,316,4223,150,3056,0,0,423,5425,42,926,423,6351,California
Nevada,2021-01-29,601,7880,392,4615,209,3265,0,0,578,5981,23,949,579,6930,California
Nevada,2021-01-30,231,8111,104,4719,127,3392,0,0,228,6206,3,952,228,7158,California
Nevada,2021-01-31,103,8214,87,4806,16,3408,0,0,102,6308,1,953,103,7261,California
Nevada,2021-02-01,290,8504,71,4877,219,3627,0,0,276,6570,14,967,276,7537,California
Nevada,2021-02-02,512,9016,174,5051,338,3965,0,0,324,6706,188,1155,324,7861,California
Nevada,2021-02-03,810,9826,570,5621,240,4205,0,0,758,7413,51,1206,758,8619,California
Nevada,2021-02-04,737,10563,391,6012,346,4551,0,0,488,7653,248,1454,488,9107,California
Nevada,2021-02-05,641,11204,363,6375,278,4829,0,0,453,7920,186,1640,453,9560,California
Nevada,2021-02-06,268,11472,82,6457,186,5015,0,0,241,8134,27,1667,241,9801,California
Nevada,2021-02-07,245,11717,192,6649,53,5068,0,0,191,8271,54,1721,191,9992,California
Nevada,2021-02-08,651,12368,408,7057,243,5311,0,0,552,8724,99,1820,552,10544,California
Nevada,2021-02-09,601,12969,337,7394,264,5575,0,0,463,9049,138,1958,463,11007,California
Nevada,2021-02-10,647,13616,322,7716,325,5900,0,0,418,9239,229,2187,419,11426,California
Nevada,2021-02-11,870,14486,504,8220,366,6266,0,0,541,9452,328,2515,541,11967,California
Nevada,2021-02-12,929,15415,434,8654,495,6761,0,0,612,9748,316,2831,612,12579,California
Nevada,2021-02-13,597,16012,235,8889,362,7123,0,0,389,9934,204,3035,390,12969,California
Nevada,2021-02-14,229,16241,119,9008,110,7233,0,0,201,10107,28,3063,201,13170,California
Nevada,2021-02-15,704,16945,438,9446,266,7499,0,0,534,10471,170,3233,534,13704,California
Nevada,2021-02-16,621,17566,197,9643,424,7923,0,0,451,10753,169,3402,451,14155,California
Nevada,2021-02-17,1186,18752,763,10406,423,8346,0,0,858,11283,328,3730,858,15013,California
Nevada,2021-02-18,1008,19760,548,10954,460,8806,0,0,603,11482,404,4134,603,15616,California
Nevada,2021-02-19,1009,20769,629,11583,380,9186,0,0,651,11776,358,4492,652,16268,California
Nevada,2021-02-20,296,21065,104,11687,192,9378,0,0,173,11827,122,4614,173,16441,California
Nevada,2021-02-21,88,21153,83,11770,5,9383,0,0,8,11756,79,4693,8,16449,California
Nevada,2021-02-22,494,21647,327,12097,167,9550,0,0,346,11955,147,4840,346,16795,California
Nevada,2021-02-23,469,22116,220,12317,249,9799,0,0,206,11901,260,5100,206,17001,California
Nevada,2021-02-24,474,22590,235,12552,239,10038,0,0,249,11927,225,5325,251,17252,California
Nevada,2021-02-25,861,23451,465,13017,396,10434,0,0,432,11932,427,5752,432,17684,California
Nevada,2021-02-26,1234,24685,880,13897,354,10788,0,0,407,11515,824,6576,407,18091,California
Nevada,2021-02-27,352,25037,110,14007,242,11030,0,0,182,11527,170,6746,182,18273,California
Nevada,2021-02-28,265,25302,153,14160,112,11142,0,0,124,11511,140,6886,124,18397,California
Nevada,2021-03-01,815,26117,423,14583,392,11534,0,0,350,11397,464,7350,350,18747,California
Nevada,2021-03-02,705,26822,261,14844,444,11978,0,0,479,11654,222,7572,479,19226,California
Nevada,2021-03-03,963,27785,490,15334,472,12450,1,1,492,11677,470,8042,493,19719,California
Nevada,2021-03-04,1096,28881,609,15943,487,12937,0,1,464,11512,629,8671,464,20183,California
Nevada,2021-03-05,814,29695,456,16399,348,13285,10,11,360,11430,452,9123,370,20553,California
Nevada,2021-03-06,356,30051,119,16518,210,13495,27,38,144,11389,212,9335,171,20724,California
Nevada,2021-03-07,209,30260,110,16628,80,13575,19,57,68,11335,141,9476,87,20811,California
Nevada,2021-03-08,804,31064,538,17166,221,13796,45,102,358,11294,445,9921,404,21215,California
Nevada,2021-03-09,665,31729,316,17482,299,14095,50,152,362,11404,301,10222,411,21626,California
Nevada,2021-03-10,955,32684,603,18085,295,14390,57,209,319,11148,632,10854,376,22002,California
Nevada,2021-03-11,1092,33776,718,18803,349,14739,25,234,539,11167,545,11399,564,22566,California
Nevada,2021-03-12,1187,34963,720,19523,437,15176,30,264,502,11015,683,12082,531,23097,California
Nevada,2021-03-13,265,35228,52,19575,208,15384,5,269,94,10943,170,12252,98,23195,California
Nevada,2021-03-14,155,35383,21,19596,128,15512,6,275,33,10860,122,12374,39,23234,California
Nevada,2021-03-15,835,36218,453,20049,370,15882,12,287,353,10746,479,12853,365,23599,California
Nevada,2021-03-16,994,37212,465,20514,468,16350,61,348,647,11108,346,13199,708,24307,California
Nevada,2021-03-17,1012,38224,449,20963,553,16903,10,358,582,11273,427,13626,592,24899,California
Nevada,2021-03-18,969,39193,525,21488,421,17324,23,381,475,11281,490,14116,498,25397,California
Nevada,2021-03-19,750,39943,437,21925,281,17605,32,413,351,11268,396,14512,383,25780,California
Nevada,2021-03-20,822,40765,93,22018,306,17911,423,836,235,11342,581,15093,655,26435,California
Nevada,2021-03-21,57,40822,31,22049,25,17936,1,837,39,11365,17,15110,40,26475,California
Nevada,2021-03-22,798,41620,514,22563,279,18215,5,842,540,11654,256,15366,545,27020,California
Nevada,2021-03-23,848,42468,381,22944,441,18656,26,868,639,12113,206,15572,665,27685,California
Nevada,2021-03-24,1016,43484,539,23483,470,19126,7,875,649,12406,363,15935,656,28341,California
Nevada,2021-03-25,894,44378,449,23932,420,19546,25,900,492,12521,401,16336,516,28857,California
Nevada,2021-03-26,1142,45520,433,24365,672,20218,37,937,831,13080,308,16644,867,29724,California
Nevada,2021-03-27,564,46084,70,24435,478,20696,16,953,383,13298,181,16825,399,30123,California
Nevada,2021-03-28,174,46258,50,24485,111,20807,13,966,39,13217,133,16958,52,30175,California
Nevada,2021-03-29,820,47078,501,24986,297,21104,22,988,393,13207,424,17382,414,30589,California
Nevada,2021-03-30,1039,48117,470,25456,535,21639,34,1022,537,13284,494,17876,571,31160,California
Nevada,2021-03-31,1174,49291,663,26119,494,22133,17,1039,700,13535,465,18341,716,31876,California
Nevada,2021-04-01,1226,50517,718,26837,455,22588,53,1092,547,13460,675,19016,600,32476,California
Nevada,2021-04-02,1277,51794,653,27490,588,23176,36,1128,761,13744,513,19529,797,33273,California
Nevada,2021-04-03,284,52078,86,27576,160,23336,38,1166,79,13657,204,19733,117,33390,California
Nevada,2021-04-04,128,52206,42,27618,79,23415,7,1173,78,13692,50,19783,85,33475,California
Nevada,2021-04-05,937,53143,615,28233,303,23718,19,1192,626,14030,307,20090,645,34120,California
Nevada,2021-04-06,1067,54210,662,28895,262,23980,143,1335,470,14052,591,20681,613,34733,California
Nevada,2021-04-07,1137,55347,811,29706,244,24224,82,1417,603,14209,527,21208,684,35417,California
Nevada,2021-04-08,1271,56618,891,30597,297,24521,83,1500,706,14436,562,21770,789,36206,California
Nevada,2021-04-09,1235,57853,845,31442,321,24842,69,1569,840,14950,395,22165,909,37115,California
Nevada,2021-04-10,261,58114,80,31522,105,24947,76,1645,115,14996,145,22310,191,37306,California
Nevada,2021-04-11,99,58213,31,31553,64,25011,4,1649,39,14979,60,22370,43,37349,California
Nevada,2021-04-12,734,58947,537,32090,180,25191,17,1666,312,14889,419,22789,329,37678,California
Nevada,2021-04-13,875,59822,349,32439,526,25717,0,1666,468,14952,405,23194,468,38146,California
Nevada,2021-04-14,1045,60867,563,33002,482,26199,0,1666,538,14991,499,23693,538,38684,California
Nevada,2021-04-15,1057,61924,703,33705,354,26553,0,1666,615,15174,432,24125,615,39299,California
Nevada,2021-04-16,898,62822,696,34401,202,26755,0,1666,531,15339,366,24491,531,39830,California
Nevada,2021-04-17,191,63013,49,34450,142,26897,0,1666,84,15316,107,24598,84,39914,California
Nevada,2021-04-18,180,63193,17,34467,163,27060,0,1666,100,15336,80,24678,100,40014,California
Nevada,2021-04-19,750,63943,481,34948,269,27329,0,1666,304,15202,438,25116,304,40318,California
Nevada,2021-04-20,798,64741,307,35255,491,27820,0,1666,301,15011,492,25608,301,40619,California
Nevada,2021-04-21,899,65640,494,35749,405,28225,0,1666,266,14652,625,26233,266,40885,California
Nevada,2021-04-22,977,66617,603,36352,374,28599,0,1666,323,14330,645,26878,323,41208,California
Nevada,2021-04-23,1183,67800,526,36878,657,29256,0,1666,370,13895,805,27683,370,41578,California
Nevada,2021-04-24,469,68269,62,36940,407,29663,0,1666,133,13693,335,28018,133,41711,California
Nevada,2021-04-25,100,68369,58,36998,41,29704,1,1667,41,13677,58,28076,42,41753,California
Nevada,2021-04-26,614,68983,468,37466,138,29842,8,1675,170,13418,437,28513,178,41931,California
Nevada,2021-04-27,388,69371,208,37674,178,30020,2,1677,194,13424,190,28703,196,42127,California
Orange,2020-12-15,16,16,16,16,0,0,0,0,16,16,0,0,16,16,California
Orange,2020-12-16,365,381,365,381,0,0,0,0,365,381,0,0,365,381,California
Orange,2020-12-17,3724,4105,3724,4105,0,0,0,0,3723,4104,0,0,3723,4104,California
Orange,2020-12-18,5048,9153,5041,9146,7,7,0,0,5047,9151,0,0,5047,9151,California
Orange,2020-12-19,2231,11384,2224,11370,7,14,0,0,2230,11381,0,0,2230,11381,California
Orange,2020-12-20,1983,13367,1981,13351,2,16,0,0,1984,13365,0,0,1984,13365,California
Orange,2020-12-21,4246,17613,4240,17591,6,22,0,0,4245,17610,0,0,4245,17610,California
Orange,2020-12-22,3981,21594,3946,21537,35,57,0,0,3981,21591,0,0,3981,21591,California
Orange,2020-12-23,3562,25156,3200,24737,362,419,0,0,3564,25155,0,0,3564,25155,California
Orange,2020-12-24,1378,26534,1079,25816,299,718,0,0,1378,26533,0,0,1378,26533,California
Orange,2020-12-25,17,26551,12,25828,5,723,0,0,17,26550,0,0,17,26550,California
Orange,2020-12-26,1020,27571,422,26250,598,1321,0,0,1020,27570,0,0,1020,27570,California
Orange,2020-12-27,582,28153,275,26525,307,1628,0,0,582,28152,0,0,582,28152,California
Orange,2020-12-28,3535,31688,2564,29089,971,2599,0,0,3535,31687,0,0,3535,31687,California
Orange,2020-12-29,3567,35255,2562,31651,1005,3604,0,0,3566,35252,1,1,3566,35253,California
Orange,2020-12-30,5123,40378,3557,35208,1566,5170,0,0,5123,40375,0,1,5123,40376,California
Orange,2020-12-31,1457,41835,759,35967,698,5868,0,0,1457,41832,0,1,1457,41833,California
Orange,2021-01-01,496,42331,266,36233,230,6098,0,0,495,42326,1,2,495,42328,California
Orange,2021-01-02,1403,43734,894,37127,509,6607,0,0,1403,43729,0,2,1403,43731,California
Orange,2021-01-03,574,44308,315,37442,259,6866,0,0,574,44303,0,2,574,44305,California
Orange,2021-01-04,2726,47034,1556,38998,1170,8036,0,0,2727,47029,1,3,2727,47032,California
Orange,2021-01-05,3509,50543,2286,41284,1223,9259,0,0,3102,49731,403,406,3105,50137,California
Orange,2021-01-06,4979,55522,3459,44743,1520,10779,0,0,3611,51986,1356,1762,3611,53748,California
Orange,2021-01-07,9244,64766,5158,49901,4086,14865,0,0,5676,54111,3555,5317,5680,59428,California
Orange,2021-01-08,9393,74159,5249,55150,4144,19009,0,0,5641,56012,3742,9059,5643,65071,California
Orange,2021-01-09,4988,79147,1733,56883,3255,22264,0,0,3709,58442,1279,10338,3709,68780,California
Orange,2021-01-10,4231,83378,1041,57924,3190,25454,0,0,3351,60918,879,11217,3355,72135,California
Orange,2021-01-11,9429,92807,4895,62819,4534,29988,0,0,5812,63111,3620,14837,5813,77948,California
Orange,2021-01-12,8805,101612,4718,67537,4087,34075,0,0,5341,64991,3462,18299,5342,83290,California
Orange,2021-01-13,10225,111837,4899,72436,5326,39401,0,0,7027,68831,3194,21493,7034,90324,California
Orange,2021-01-14,9952,121789,3769,76205,6183,45584,0,0,8362,75611,1588,23081,8368,98692,California
Orange,2021-01-15,10155,131944,2618,78823,7537,53121,0,0,9283,84019,880,23961,9288,107980,California
Orange,2021-01-16,8705,140649,2096,80919,6609,59730,0,0,8309,91937,396,24357,8314,116294,California
Orange,2021-01-17,8152,148801,1485,82404,6667,66397,0,0,8006,99806,146,24503,8015,124309,California
Orange,2021-01-18,9744,158545,4455,86859,5289,71686,0,0,7503,105068,2243,26746,7505,131814,California
Orange,2021-01-19,7486,166031,5416,92275,2070,73756,0,0,4855,107293,2631,29377,4856,136670,California
Orange,2021-01-20,8272,174303,5816,98091,2456,76212,0,0,5216,109459,3057,32434,5223,141893,California
Orange,2021-01-21,10850,185153,4813,102904,6037,82249,0,0,10056,118731,793,33227,10065,151958,California
Orange,2021-01-22,13591,198744,5081,107985,8510,90759,0,0,12754,130664,829,34056,12762,164720,California
Orange,2021-01-23,13114,211858,6173,114158,6941,97700,0,0,12143,141846,969,35025,12151,176871,California
Orange,2021-01-24,9810,221668,4287,118445,5523,103223,0,0,9493,151028,314,35339,9496,186367,California
Orange,2021-01-25,10420,232088,5847,124292,4573,107796,0,0,7711,156040,2704,38043,7716,194083,California
Orange,2021-01-26,11877,243965,7711,132003,4166,111962,0,0,9730,163630,2143,40186,9733,203816,California
Orange,2021-01-27,13409,257374,7996,139999,5413,117375,0,0,10728,171692,2670,42856,10732,214548,California
Orange,2021-01-28,13010,270384,7191,147190,5819,123194,0,0,11155,181015,1842,44698,11165,225713,California
Orange,2021-01-29,13583,283967,8402,155592,5181,128375,0,0,10706,188874,2864,47562,10723,236436,California
Orange,2021-01-30,12928,296895,4444,160036,8484,136859,0,0,12196,200356,718,48280,12200,248636,California
Orange,2021-01-31,13710,310605,4943,164979,8767,145626,0,0,13269,213194,436,48716,13274,261910,California
Orange,2021-02-01,14025,324630,5775,170754,8250,153876,0,0,12032,223256,1974,50690,12036,273946,California
Orange,2021-02-02,15405,340035,8359,179113,7046,160922,0,0,12664,233290,2633,53323,12667,286613,California
Orange,2021-02-03,16733,356768,12568,191681,4165,165087,0,0,13729,244098,2926,56249,13734,300347,California
Orange,2021-02-04,19802,376570,12942,204623,6860,171947,0,0,14727,253789,5044,61293,14735,315082,California
Orange,2021-02-05,20737,397307,12006,216629,8731,180678,0,0,14466,262025,6232,67525,14468,329550,California
Orange,2021-02-06,16314,413621,10783,227412,5531,186209,0,0,11064,268072,5235,72760,11282,340832,California
Orange,2021-02-07,11520,425141,8102,235514,3418,189627,0,0,7548,271833,3957,76717,7718,348550,California
Orange,2021-02-08,14818,439959,8470,243984,6348,195975,0,0,8823,274692,5965,82682,8824,357374,California
Orange,2021-02-09,17638,457597,12011,255995,5627,201602,0,0,10738,278606,6828,89510,10742,368116,California
Orange,2021-02-10,20886,478483,11169,267164,9717,211319,0,0,12671,283162,8122,97632,12678,380794,California
Orange,2021-02-11,21989,500472,11394,278558,10595,221914,0,0,12381,286079,9482,107114,12399,393193,California
Orange,2021-02-12,24738,525210,11888,290446,12850,234764,0,0,14623,290647,10060,117174,14628,407821,California
Orange,2021-02-13,22006,547216,11909,302355,10097,244861,0,0,11142,291769,10661,127835,11783,419604,California
Orange,2021-02-14,16183,563399,6567,308922,9616,254477,0,0,9549,294709,6610,134445,9550,429154,California
Orange,2021-02-15,17215,580614,7389,316311,9826,264303,0,0,8880,295306,8292,142737,8889,438043,California
Orange,2021-02-16,19899,600513,8972,325283,10927,275230,0,0,10703,296881,9152,151889,10727,448770,California
Orange,2021-02-17,17786,618299,9314,334597,8472,283702,0,0,9161,297490,8583,160472,9192,457962,California
Orange,2021-02-18,14875,633174,9831,344428,5044,288746,0,0,6790,296250,8038,168510,6798,464760,California
Orange,2021-02-19,17836,651010,10724,355152,7112,295858,0,0,6881,292232,10910,179420,6892,471652,California
Orange,2021-02-20,7392,658402,5567,360719,1825,297683,0,0,3746,292362,3626,183046,3756,475408,California
Orange,2021-02-21,4320,662722,3642,364361,678,298361,0,0,774,289623,3513,186559,774,476182,California
Orange,2021-02-22,9603,672325,7839,372200,1764,300125,0,0,3883,287824,5696,192255,3897,480079,California
Orange,2021-02-23,13240,685565,7230,379430,6010,306135,0,0,3485,281619,9700,201955,3495,483574,California
Orange,2021-02-24,21092,706657,12784,392214,8308,314443,0,0,5353,271313,15678,217633,5372,488946,California
Orange,2021-02-25,22578,729235,12230,404444,10348,324791,0,0,7964,264747,14546,232179,7980,496926,California
Orange,2021-02-26,27666,756901,14011,418455,13655,338446,0,0,11141,259499,16413,248592,11165,508091,California
Orange,2021-02-27,24936,781837,10057,428512,14877,353323,2,2,7240,249162,17594,266186,7257,515348,California
Orange,2021-02-28,18997,800834,7349,435861,11648,364971,0,2,4797,239880,14096,280282,4814,520162,California
Orange,2021-03-01,18314,819148,8340,444201,9971,374942,3,5,7066,235782,11179,291461,7081,527243,California
Orange,2021-03-02,18737,837885,8852,453053,9883,384825,2,7,9150,235414,9547,301008,9179,536422,California
Orange,2021-03-03,20258,858143,9440,462493,10815,395640,3,10,10904,237057,9286,310294,10929,547351,California
Orange,2021-03-04,22231,880374,12808,475301,9410,405050,13,23,11535,237968,10662,320956,11573,558924,California
Orange,2021-03-05,20652,901026,10701,486002,9907,414957,44,67,12650,242758,7963,328919,12753,571677,California
Orange,2021-03-06,23840,924866,13090,499092,9888,424845,862,929,12613,245065,11194,340113,13501,585178,California
Orange,2021-03-07,14798,939664,8300,507392,6113,430958,385,1314,8635,247977,6129,346242,9041,594219,California
Orange,2021-03-08,16135,955799,7377,514769,7496,438454,1262,2576,10370,253911,5723,351965,11657,605876,California
Orange,2021-03-09,19665,975464,8553,523322,8684,447138,2428,5004,11277,259269,8351,360316,13709,619585,California
Orange,2021-03-10,23925,999389,11703,535025,9068,456206,3154,8158,12097,262743,11774,372090,15248,634833,California
Orange,2021-03-11,28819,1028208,15668,550693,9040,465246,4111,12269,13400,264917,15335,387425,17509,652342,California
Orange,2021-03-12,29133,1057341,14194,564887,11118,476364,3821,16090,14640,268987,14415,401840,18485,670827,California
Orange,2021-03-13,27655,1084996,10125,575012,13613,489977,3917,20007,14000,273300,13604,415444,17917,688744,California
Orange,2021-03-14,18760,1103756,8128,583140,8120,498097,2512,22519,11847,280770,6883,422327,14353,703097,California
Orange,2021-03-15,22919,1126675,10079,593219,12085,510182,755,23274,14317,287298,8539,430866,15067,718164,California
Orange,2021-03-16,26245,1152920,11081,604300,14942,525124,222,23496,17082,295522,9088,439954,17312,735476,California
Orange,2021-03-17,27115,1180035,13507,617807,13135,538259,473,23969,19383,307707,7670,447624,19855,755331,California
Orange,2021-03-18,27579,1207614,13849,631656,13459,551718,271,24240,21518,323498,6001,453625,21792,777123,California
Orange,2021-03-19,33249,1240863,18243,649899,14577,566295,429,24669,24806,340402,8341,461966,25245,802368,California
Orange,2021-03-20,25652,1266515,13470,663369,11978,578273,204,24873,21970,358951,3624,465590,22173,824541,California
Orange,2021-03-21,18355,1284870,10645,674014,6983,585256,727,25600,15616,372579,2715,468305,16343,840884,California
Orange,2021-03-22,22605,1307475,11674,685688,10612,595868,319,25919,19146,388662,3389,471694,19472,860356,California
Orange,2021-03-23,25829,1333304,13390,699078,11809,607677,630,26549,20780,405095,4979,476673,21412,881768,California
Orange,2021-03-24,28844,1362148,16091,715169,11873,619550,880,27429,21894,420989,6879,483552,22773,904541,California
Orange,2021-03-25,32075,1394223,17075,732244,14335,633885,665,28094,24128,437909,7872,491424,24792,929333,California
Orange,2021-03-26,34595,1428818,17946,750190,15802,649687,847,28941,24944,454144,9553,500977,25788,955121,California
Orange,2021-03-27,28264,1457082,13512,763702,14438,664125,314,29255,19750,465779,8431,509408,20066,975187,California
Orange,2021-03-28,24658,1481740,12751,776453,11840,675965,67,29322,18605,478460,5995,515403,18676,993863,California
Orange,2021-03-29,26318,1508058,12026,788479,13743,689708,549,29871,17910,488581,8339,523742,18460,1012323,California
Orange,2021-03-30,30390,1538448,13767,802246,16240,705948,383,30254,21271,501177,9059,532801,21655,1033978,California
Orange,2021-03-31,36720,1575168,19273,821519,16855,722803,592,30846,24024,513189,12608,545409,24620,1058598,California
Orange,2021-04-01,39682,1614850,20932,842451,17210,740013,1540,32386,25970,527063,13631,559040,27505,1086103,California
Orange,2021-04-02,39451,1654301,19924,862375,17873,757886,1654,34040,22465,534289,16900,575940,24126,1110229,California
Orange,2021-04-03,29564,1683865,15426,877801,12530,770416,1608,35648,14076,534551,15423,591363,15685,1125914,California
Orange,2021-04-04,18188,1702053,10614,888415,6887,777303,687,36335,8152,533395,9993,601356,8837,1134751,California
Orange,2021-04-05,29255,1731308,13879,902294,12151,789454,3225,39560,13788,534992,15409,616765,17006,1151757,California
Orange,2021-04-06,33023,1764331,15496,917790,14222,803676,3305,42865,14334,534014,18607,635372,17629,1169386,California
Orange,2021-04-07,35621,1799952,19954,937744,11237,814913,4430,47295,15752,534378,19799,655171,20163,1189549,California
Orange,2021-04-08,38220,1838172,21284,959028,11614,826527,5322,52617,18713,538974,19419,674590,24015,1213564,California
Orange,2021-04-09,40231,1878403,23474,982502,11725,838252,5032,57649,17845,539535,22302,696892,22863,1236427,California
Orange,2021-04-10,33852,1912255,17944,1000446,11788,850040,4120,61769,14095,538055,19680,716572,18200,1254627,California
Orange,2021-04-11,25295,1937550,14247,1014693,7828,857868,3220,64989,9701,535415,15550,732122,12910,1267537,California
Orange,2021-04-12,30116,1967666,15275,1029968,11389,869257,3452,68441,11862,532511,18204,750326,15300,1282837,California
Orange,2021-04-13,32165,1999831,18088,1048056,14015,883272,62,68503,15029,530529,17071,767397,15089,1297926,California
Orange,2021-04-14,33990,2033821,19821,1067877,14139,897411,30,68533,14923,526496,18988,786385,14955,1312881,California
Orange,2021-04-15,39391,2073212,23988,1091865,15392,912803,11,68544,18184,523575,21118,807503,18197,1331078,California
Orange,2021-04-16,40755,2113967,23889,1115754,16841,929644,25,68569,18328,519592,22342,829845,18359,1349437,California
Orange,2021-04-17,29559,2143526,17154,1132908,12402,942046,3,68572,12735,515580,16754,846599,12742,1362179,California
Orange,2021-04-18,21249,2164775,12819,1145727,8429,950475,1,68573,8400,511179,12805,859404,8404,1370583,California
Orange,2021-04-19,32257,2197032,17762,1163489,14493,964968,2,68575,14824,508650,17358,876762,14829,1385412,California
Orange,2021-04-20,34882,2231914,18069,1181558,16810,981778,3,68578,17432,508702,17382,894144,17434,1402846,California
Orange,2021-04-21,39850,2271764,22749,1204307,17091,998869,10,68588,18670,506286,21096,915240,18680,1421526,California
Orange,2021-04-22,38545,2310309,20343,1224650,18197,1017066,5,68593,16059,499988,22374,937614,16076,1437602,California
Orange,2021-04-23,37234,2347543,19279,1243929,17950,1035016,5,68598,16283,495423,20856,958470,16291,1453893,California
Orange,2021-04-24,28700,2376243,14929,1258858,13740,1048756,31,68629,11633,490081,17008,975478,11666,1465559,California
Orange,2021-04-25,19209,2395452,10609,1269467,8592,1057348,8,68637,7996,486915,11175,986653,8009,1473568,California
Orange,2021-04-26,20220,2415672,9916,1279383,10168,1067516,136,68773,9328,485564,10818,997471,9467,1483035,California
Orange,2021-04-27,11496,2427168,4165,1283548,7233,1074749,98,68871,4500,483214,6952,1004423,4602,1487637,California
Placer,2020-12-15,29,29,29,29,0,0,0,0,29,29,0,0,29,29,California
Placer,2020-12-16,54,83,54,83,0,0,0,0,54,83,0,0,54,83,California
Placer,2020-12-17,139,222,139,222,0,0,0,0,139,222,0,0,139,222,California
Placer,2020-12-18,331,553,331,553,0,0,0,0,331,553,0,0,331,553,California
Placer,2020-12-19,251,804,251,804,0,0,0,0,251,804,0,0,251,804,California
Placer,2020-12-20,234,1038,234,1038,0,0,0,0,234,1038,0,0,234,1038,California
Placer,2020-12-21,492,1530,491,1529,1,1,0,0,492,1530,0,0,492,1530,California
Placer,2020-12-22,676,2206,669,2198,7,8,0,0,676,2206,0,0,676,2206,California
Placer,2020-12-23,743,2949,658,2856,85,93,0,0,743,2949,0,0,743,2949,California
Placer,2020-12-24,398,3347,346,3202,52,145,0,0,398,3347,0,0,398,3347,California
Placer,2020-12-26,158,3505,113,3315,45,190,0,0,158,3505,0,0,158,3505,California
Placer,2020-12-27,186,3691,163,3478,23,213,0,0,186,3691,0,0,186,3691,California
Placer,2020-12-28,664,4355,537,4015,127,340,0,0,664,4355,0,0,664,4355,California
Placer,2020-12-29,761,5116,513,4528,248,588,0,0,761,5116,0,0,761,5116,California
Placer,2020-12-30,730,5846,454,4982,276,864,0,0,728,5844,0,0,728,5844,California
Placer,2020-12-31,528,6374,343,5325,185,1049,0,0,528,6372,0,0,528,6372,California
Placer,2021-01-01,15,6389,11,5336,4,1053,0,0,15,6387,0,0,15,6387,California
Placer,2021-01-02,184,6573,152,5488,32,1085,0,0,184,6571,0,0,184,6571,California
Placer,2021-01-03,154,6727,79,5567,75,1160,0,0,154,6725,0,0,154,6725,California
Placer,2021-01-04,618,7345,179,5746,439,1599,0,0,618,7343,0,0,618,7343,California
Placer,2021-01-05,724,8069,159,5905,565,2164,0,0,641,7903,82,82,642,7985,California
Placer,2021-01-06,760,8829,244,6149,516,2680,0,0,618,8379,142,224,618,8603,California
Placer,2021-01-07,982,9811,366,6515,616,3296,0,0,777,8951,205,429,777,9380,California
Placer,2021-01-08,1182,10993,529,7044,653,3949,0,0,855,9482,324,753,855,10235,California
Placer,2021-01-09,449,11442,321,7365,128,4077,0,0,233,9500,215,968,233,10468,California
Placer,2021-01-10,329,11771,186,7551,143,4220,0,0,164,9499,165,1133,164,10632,California
Placer,2021-01-11,1426,13197,808,8359,618,4838,0,0,837,9748,589,1722,838,11470,California
Placer,2021-01-12,1645,14842,874,9233,771,5609,0,0,1043,10189,602,2324,1043,12513,California
Placer,2021-01-13,1626,16468,818,10051,808,6417,0,0,1206,10979,418,2742,1208,13721,California
Placer,2021-01-14,1756,18224,652,10703,1104,7521,0,0,1401,12029,352,3094,1402,15123,California
Placer,2021-01-15,1907,20131,723,11426,1184,8705,0,0,1556,13236,350,3444,1557,16680,California
Placer,2021-01-16,1471,21602,719,12145,752,9457,0,0,1350,14466,121,3565,1351,18031,California
Placer,2021-01-17,563,22165,397,12542,166,9623,0,0,431,14765,132,3697,431,18462,California
Placer,2021-01-18,977,23142,540,13082,437,10060,0,0,747,15283,230,3927,748,19210,California
Placer,2021-01-19,2576,25718,1947,15029,629,10689,0,0,2125,16957,451,4378,2125,21335,California
Placer,2021-01-20,2244,27962,1694,16723,550,11239,0,0,1916,18546,328,4706,1917,23252,California
Placer,2021-01-21,2539,30501,1113,17836,1426,12665,0,0,2145,20299,393,5099,2146,25398,California
Placer,2021-01-22,2293,32794,591,18427,1702,14367,0,0,2120,22249,171,5270,2121,27519,California
Placer,2021-01-23,1189,33983,380,18807,809,15176,0,0,1034,23128,155,5425,1034,28553,California
Placer,2021-01-24,508,34491,265,19072,243,15419,0,0,432,23485,76,5501,433,28986,California
Placer,2021-01-25,1670,36161,802,19874,868,16287,0,0,1383,24582,287,5788,1384,30370,California
Placer,2021-01-26,1847,38008,1026,20900,821,17108,0,0,1583,25901,264,6052,1583,31953,California
Placer,2021-01-27,1840,39848,1154,22054,686,17794,0,0,1597,27258,241,6293,1598,33551,California
Placer,2021-01-28,1797,41645,1111,23165,686,18480,0,0,1550,28563,245,6538,1550,35101,California
Placer,2021-01-29,1886,43531,1171,24336,715,19195,0,0,1694,30068,191,6729,1696,36797,California
Placer,2021-01-30,1723,45254,970,25306,753,19948,0,0,1604,31554,118,6847,1604,38401,California
Placer,2021-01-31,780,46034,624,25930,156,20104,0,0,712,32199,68,6915,713,39114,California
Placer,2021-02-01,2068,48102,1088,27018,980,21084,0,0,1754,33639,314,7229,1754,40868,California
Placer,2021-02-02,2367,50469,1535,28553,832,21916,0,0,1882,35039,482,7711,1882,42750,California
Placer,2021-02-03,2912,53381,1872,30425,1040,22956,0,0,2291,36713,617,8328,2291,45041,California
Placer,2021-02-04,2756,56137,1186,31611,1570,24526,0,0,1934,37829,819,9147,1935,46976,California
Placer,2021-02-05,2725,58862,1201,32812,1524,26050,0,0,1399,37907,1321,10468,1399,48375,California
Placer,2021-02-06,1945,60807,1308,34120,637,26687,0,0,1395,38752,550,11018,1395,49770,California
Placer,2021-02-07,1220,62027,910,35030,310,26997,0,0,938,39409,281,11299,938,50708,California
Placer,2021-02-08,3299,65326,1767,36797,1532,28529,0,0,1975,40069,1316,12615,1976,52684,California
Placer,2021-02-09,3545,68871,2173,38970,1372,29901,0,0,1641,39808,1902,14517,1641,54325,California
Placer,2021-02-10,3745,72616,2190,41160,1555,31456,0,0,1745,39558,1997,16514,1747,56072,California
Placer,2021-02-11,3622,76238,1902,43062,1720,33176,0,0,1579,39103,2035,18549,1580,57652,California
Placer,2021-02-12,2749,78987,1317,44379,1432,34608,0,0,1653,39678,1079,19628,1654,59306,California
Placer,2021-02-13,2533,81520,1484,45863,1049,35657,0,0,1882,40909,651,20279,1882,61188,California
Placer,2021-02-14,1078,82598,676,46539,402,36059,0,0,737,41308,338,20617,737,61925,California
Placer,2021-02-15,2182,84780,1043,47582,1139,37198,0,0,1522,42170,661,21278,1523,63448,California
Placer,2021-02-16,3540,88320,1779,49361,1761,38959,0,0,1579,41798,1952,23230,1580,65028,California
Placer,2021-02-17,3539,91859,1961,51322,1578,40537,0,0,1509,41281,2026,25256,1509,66537,California
Placer,2021-02-18,3746,95605,2042,53364,1704,42241,0,0,1621,40787,2116,27372,1622,68159,California
Placer,2021-02-19,3566,99171,1911,55275,1655,43896,0,0,1318,39862,2244,29616,1319,69478,California
Placer,2021-02-20,1971,101142,1230,56505,741,44637,0,0,887,39674,1078,30694,890,70368,California
Placer,2021-02-21,971,102113,729,57234,242,44879,0,0,279,39265,689,31383,280,70648,California
Placer,2021-02-22,2514,104627,1768,59002,746,45625,0,0,602,37956,1911,33294,602,71250,California
Placer,2021-02-23,2532,107159,1565,60567,967,46592,0,0,876,37177,1655,34949,876,72126,California
Placer,2021-02-24,3259,110418,1173,61740,2086,48678,0,0,1780,37490,1469,36418,1782,73908,California
Placer,2021-02-25,3477,113895,1423,63163,2054,50732,0,0,1843,37707,1627,38045,1844,75752,California
Placer,2021-02-26,4090,117985,2372,65535,1718,52450,0,0,2350,38321,1736,39781,2350,78102,California
Placer,2021-02-27,2815,120800,1492,67027,1323,53773,0,0,1450,38415,1359,41140,1453,79555,California
Placer,2021-02-28,1391,122191,791,67818,600,54373,0,0,581,38192,804,41944,581,80136,California
Placer,2021-03-01,2990,125181,1985,69803,1005,55378,0,0,1542,38291,1443,43387,1542,81678,California
Placer,2021-03-02,2867,128048,1761,71564,1106,56484,0,0,1878,39185,984,44371,1878,83556,California
Placer,2021-03-03,3313,131361,1420,72984,1893,58377,0,0,1811,39501,1496,45867,1812,85368,California
Placer,2021-03-04,3570,134931,1426,74410,2144,60521,0,0,1855,39654,1703,47570,1856,87224,California
Placer,2021-03-05,2996,137927,1026,75436,1948,62469,22,22,1799,40280,1195,48765,1821,89045,California
Placer,2021-03-06,2402,140329,1481,76917,825,63294,96,118,923,39827,1472,50237,1019,90064,California
Placer,2021-03-07,1296,141625,756,77673,502,63796,38,156,527,39626,766,51003,565,90629,California
Placer,2021-03-08,2909,144534,1828,79501,968,64764,113,269,1651,40134,1256,52259,1764,92393,California
Placer,2021-03-09,3164,147698,1679,81180,1395,66159,90,359,1813,40689,1348,53607,1903,94296,California
Placer,2021-03-10,3267,150965,1315,82495,1845,68004,107,466,1703,40940,1559,55166,1810,96106,California
Placer,2021-03-11,3542,154507,1587,84082,1831,69835,124,590,1703,40938,1831,56997,1829,97935,California
Placer,2021-03-12,3667,158174,1481,85563,1406,71241,780,1370,1250,40558,2411,59408,2031,99966,California
Placer,2021-03-13,2103,160277,737,86300,1248,72489,118,1488,1129,40835,971,60379,1248,101214,California
Placer,2021-03-14,1637,161914,672,86972,816,73305,149,1637,890,41128,746,61125,1039,102253,California
Placer,2021-03-15,3173,165087,1528,88500,1514,74819,131,1768,1758,41605,1413,62538,1890,104143,California
Placer,2021-03-16,3546,168633,1910,90410,1503,76322,133,1901,2277,42757,1259,63797,2411,106554,California
Placer,2021-03-17,3397,172030,1727,92137,1571,77893,99,2000,2201,43865,1194,64991,2302,108856,California
Placer,2021-03-18,3953,175983,2195,94332,1720,79613,38,2038,2817,45589,1130,66121,2854,111710,California
Placer,2021-03-19,3409,179392,2060,96392,1085,80698,264,2302,2174,46798,1228,67349,2437,114147,California
Placer,2021-03-20,2135,181527,896,97288,1142,81840,97,2399,1303,47369,828,68177,1399,115546,California
Placer,2021-03-21,1246,182773,572,97860,665,82505,9,2408,939,48013,304,68481,948,116494,California
Placer,2021-03-22,3263,186036,2098,99958,1078,83583,87,2495,2191,49224,1068,69549,2279,118773,California
Placer,2021-03-23,3517,189553,2090,102048,1336,84919,91,2586,2519,50842,993,70542,2611,121384,California
Placer,2021-03-24,3759,193312,1998,104046,1664,86583,97,2683,1937,51072,1804,72346,2034,123418,California
Placer,2021-03-25,3774,197086,1796,105842,1881,88464,97,2780,1727,50857,2038,74384,1823,125241,California
Placer,2021-03-26,3746,200832,1656,107498,1858,90322,232,3012,1582,50518,2153,76537,1814,127055,California
Placer,2021-03-27,1595,202427,470,107968,1105,91427,20,3032,651,50252,937,77474,671,127726,California
Placer,2021-03-28,1095,203522,526,108494,559,91986,10,3042,367,49906,723,78197,377,128103,California
Placer,2021-03-29,3550,207072,1984,110478,1532,93518,34,3076,1723,49846,1818,80015,1758,129861,California
Placer,2021-03-30,3987,211059,2113,112591,1830,95348,44,3120,2107,50129,1867,81882,2150,132011,California
Placer,2021-03-31,4061,215120,1830,114421,2157,97505,74,3194,1680,49508,2374,84256,1753,133764,California
Placer,2021-04-01,2866,217986,1367,115788,1454,98959,45,3239,1592,49873,1272,85528,1637,135401,California
Placer,2021-04-02,2783,220769,1440,117228,1279,100238,64,3303,1550,50260,1226,86754,1613,137014,California
Placer,2021-04-03,1855,222624,984,118212,741,100979,130,3433,892,50325,956,87710,1021,138035,California
Placer,2021-04-04,706,223330,360,118572,293,101272,53,3486,284,50242,420,88130,337,138372,California
Placer,2021-04-05,2990,226320,1894,120466,914,102186,182,3668,1745,50928,1241,89371,1927,140299,California
Placer,2021-04-06,4263,230583,2466,122932,1499,103685,298,3966,1519,50006,2739,92110,1817,142116,California
Placer,2021-04-07,4485,235068,2564,125496,1461,105146,460,4426,2049,50082,2430,94540,2506,144622,California
Placer,2021-04-08,4668,239736,2590,128086,1534,106680,544,4970,1570,49109,3087,97627,2114,146736,California
Placer,2021-04-09,4059,243795,2239,130325,1207,107887,613,5583,1208,48088,2844,100471,1823,148559,California
Placer,2021-04-10,1980,245775,854,131179,947,108834,179,5762,847,47983,1130,101601,1025,149584,California
Placer,2021-04-11,1314,247089,501,131680,780,109614,33,5795,426,47557,884,102485,458,150042,California
Placer,2021-04-12,4101,251190,2652,134332,1069,110683,380,6175,2468,48780,1624,104109,2847,152889,California
Placer,2021-04-13,4333,255523,2985,137317,1347,112030,1,6176,2184,48820,2145,106254,2185,155074,California
Placer,2021-04-14,4055,259578,2506,139823,1548,113578,1,6177,1794,48362,2252,108506,1794,156868,California
Placer,2021-04-15,4381,263959,2422,142245,1958,115536,1,6178,2277,48544,2096,110602,2278,159146,California
Placer,2021-04-16,3651,267610,2171,144416,1480,117016,0,6178,1427,47754,2218,112820,1428,160574,California
Placer,2021-04-17,2338,269948,794,145210,1544,118560,0,6178,1450,48320,884,113704,1450,162024,California
Placer,2021-04-18,1147,271095,225,145435,922,119482,0,6178,398,47972,746,114450,398,162422,California
Placer,2021-04-19,2905,274000,1777,147212,1128,120610,0,6178,1145,47361,1757,116207,1146,163568,California
Placer,2021-04-20,3749,277749,2421,149633,1328,121938,0,6178,2383,48386,1358,117565,2383,165951,California
Placer,2021-04-21,3610,281359,2365,151998,1244,123182,1,6179,2353,49488,1252,118817,2354,168305,California
Placer,2021-04-22,3514,284873,2133,154131,1381,124563,0,6179,1714,49407,1797,120614,1716,170021,California
Placer,2021-04-23,3272,288145,2146,156277,1125,125688,1,6180,1285,48712,1981,122595,1286,171307,California
Placer,2021-04-24,1428,289573,778,157055,650,126338,0,6180,819,48929,602,123197,819,172126,California
Placer,2021-04-25,700,290273,365,157420,335,126673,0,6180,433,49097,265,123462,433,172559,California
Placer,2021-04-26,1844,292117,1013,158433,811,127484,20,6200,915,49107,924,124386,934,173493,California
Placer,2021-04-27,1169,293286,745,159178,421,127905,3,6203,666,49279,498,124884,670,174163,California
Plumas,2020-12-18,4,4,4,4,0,0,0,0,4,4,0,0,4,4,California
Plumas,2020-12-19,1,5,1,5,0,0,0,0,1,5,0,0,1,5,California
Plumas,2020-12-21,45,50,45,50,0,0,0,0,45,50,0,0,45,50,California
Plumas,2020-12-22,92,142,92,142,0,0,0,0,92,142,0,0,92,142,California
Plumas,2020-12-23,50,192,50,192,0,0,0,0,50,192,0,0,50,192,California
Plumas,2020-12-24,6,198,6,198,0,0,0,0,6,198,0,0,6,198,California
Plumas,2020-12-28,8,206,0,198,8,8,0,0,8,206,0,0,8,206,California
Plumas,2020-12-29,32,238,22,220,10,18,0,0,32,238,0,0,32,238,California
Plumas,2020-12-30,22,260,1,221,21,39,0,0,22,260,0,0,22,260,California
Plumas,2020-12-31,4,264,1,222,3,42,0,0,4,264,0,0,4,264,California
Plumas,2021-01-04,10,274,4,226,6,48,0,0,10,274,0,0,10,274,California
Plumas,2021-01-05,22,296,2,228,20,68,0,0,22,296,0,0,22,296,California
Plumas,2021-01-06,124,420,5,233,119,187,0,0,124,420,0,0,124,420,California
Plumas,2021-01-07,53,473,2,235,51,238,0,0,52,471,1,1,52,472,California
Plumas,2021-01-08,12,485,5,240,7,245,0,0,8,475,4,5,8,480,California
Plumas,2021-01-09,2,487,2,242,0,245,0,0,1,475,1,6,1,481,California
Plumas,2021-01-11,59,546,50,292,9,254,0,0,12,440,47,53,12,493,California
Plumas,2021-01-12,155,701,86,378,69,323,0,0,71,427,84,137,71,564,California
Plumas,2021-01-13,56,757,50,428,6,329,0,0,10,391,46,183,10,574,California
Plumas,2021-01-14,96,853,14,442,82,411,0,0,91,477,5,188,91,665,California
Plumas,2021-01-15,62,915,7,449,55,466,0,0,60,535,2,190,60,725,California
Plumas,2021-01-16,58,973,1,450,57,523,0,0,58,593,0,190,58,783,California
Plumas,2021-01-18,2,975,1,451,1,524,0,0,2,595,0,190,2,785,California
Plumas,2021-01-19,36,1011,5,456,31,555,0,0,32,623,4,194,32,817,California
Plumas,2021-01-20,121,1132,3,459,118,673,0,0,119,740,2,196,119,936,California
Plumas,2021-01-21,113,1245,2,461,111,784,0,0,113,853,0,196,113,1049,California
Plumas,2021-01-22,4,1249,0,461,4,788,0,0,4,857,0,196,4,1053,California
Plumas,2021-01-23,92,1341,1,462,91,879,0,0,92,949,0,196,92,1145,California
Plumas,2021-01-24,1,1342,1,463,0,879,0,0,1,950,0,196,1,1146,California
Plumas,2021-01-25,10,1352,7,470,3,882,0,0,7,954,3,199,7,1153,California
Plumas,2021-01-26,60,1412,2,472,58,940,0,0,52,998,8,207,52,1205,California
Plumas,2021-01-27,25,1437,20,492,5,945,0,0,5,983,20,227,5,1210,California
Plumas,2021-01-28,23,1460,0,492,23,968,0,0,21,1002,2,229,21,1231,California
Plumas,2021-01-29,8,1468,2,494,6,974,0,0,7,1008,1,230,7,1238,California
Plumas,2021-01-30,8,1476,4,498,4,978,0,0,7,1014,1,231,7,1245,California
Plumas,2021-01-31,3,1479,3,501,0,978,0,0,3,1017,0,231,3,1248,California
Plumas,2021-02-01,15,1494,2,503,13,991,0,0,7,1016,8,239,7,1255,California
Plumas,2021-02-02,20,1514,1,504,19,1010,0,0,1,998,19,258,1,1256,California
Plumas,2021-02-03,128,1642,8,512,120,1130,0,0,13,897,114,372,13,1269,California
Plumas,2021-02-04,101,1743,8,520,93,1223,0,0,23,842,78,450,23,1292,California
Plumas,2021-02-05,24,1767,11,531,13,1236,0,0,9,836,15,465,9,1301,California
Plumas,2021-02-06,7,1774,0,531,7,1243,0,0,7,843,0,465,7,1308,California
Plumas,2021-02-08,16,1790,7,538,9,1252,0,0,4,835,12,477,4,1312,California
Plumas,2021-02-09,171,1961,1,539,170,1422,0,0,111,886,60,537,111,1423,California
Plumas,2021-02-10,89,2050,9,548,80,1502,0,0,80,958,9,546,81,1504,California
Plumas,2021-02-11,322,2372,7,555,315,1817,0,0,263,1162,59,605,263,1767,California
Plumas,2021-02-12,122,2494,3,558,119,1936,0,0,118,1276,4,609,118,1885,California
Plumas,2021-02-13,73,2567,4,562,69,2005,0,0,14,1231,59,668,14,1899,California
Plumas,2021-02-14,8,2575,5,567,3,2008,0,0,8,1239,0,668,8,1907,California
Plumas,2021-02-15,28,2603,5,572,23,2031,0,0,25,1261,3,671,25,1932,California
Plumas,2021-02-16,76,2679,4,576,72,2103,0,0,14,1213,62,733,14,1946,California
Plumas,2021-02-17,136,2815,5,581,131,2234,0,0,12,1101,124,857,12,1958,California
Plumas,2021-02-18,128,2943,6,587,122,2356,0,0,19,1011,109,966,19,1977,California
Plumas,2021-02-19,41,2984,4,591,37,2393,0,0,6,982,35,1001,6,1983,California
Plumas,2021-02-20,103,3087,6,597,97,2490,0,0,11,901,92,1093,11,1994,California
Plumas,2021-02-21,6,3093,5,602,1,2491,0,0,2,899,4,1097,2,1996,California
Plumas,2021-02-22,3,3096,1,603,2,2493,0,0,0,896,3,1100,0,1996,California
Plumas,2021-02-23,24,3120,4,607,20,2513,0,0,16,904,8,1108,16,2012,California
Plumas,2021-02-24,456,3576,6,613,450,2963,0,0,443,1334,13,1121,443,2455,California
Plumas,2021-02-25,231,3807,9,622,222,3185,0,0,171,1445,60,1181,171,2626,California
Plumas,2021-02-26,264,4071,8,630,256,3441,0,0,256,1694,8,1189,257,2883,California
Plumas,2021-02-27,41,4112,4,634,37,3478,0,0,34,1721,7,1196,34,2917,California
Plumas,2021-02-28,1,4113,0,634,1,3479,0,0,1,1722,0,1196,1,2918,California
Plumas,2021-03-01,12,4125,3,637,9,3488,0,0,7,1725,4,1200,7,2925,California
Plumas,2021-03-02,8,4133,0,637,8,3496,0,0,6,1729,2,1202,6,2931,California
Plumas,2021-03-03,152,4285,10,647,142,3638,0,0,136,1849,16,1218,136,3067,California
Plumas,2021-03-04,252,4537,9,656,243,3881,0,0,230,2057,22,1240,230,3297,California
Plumas,2021-03-05,399,4936,6,662,388,4269,5,5,388,2439,11,1251,393,3690,California
Plumas,2021-03-06,19,4955,2,664,9,4278,8,13,3,2434,16,1267,11,3701,California
Plumas,2021-03-07,13,4968,2,666,2,4280,9,22,3,2436,10,1277,12,3713,California
Plumas,2021-03-08,29,4997,3,669,2,4282,24,46,3,2437,26,1303,27,3740,California
Plumas,2021-03-09,132,5129,1,670,116,4398,15,61,18,2356,114,1417,33,3773,California
Plumas,2021-03-10,255,5384,3,673,238,4636,14,75,108,2332,146,1563,122,3895,California
Plumas,2021-03-11,181,5565,8,681,168,4804,5,80,146,2448,35,1598,151,4046,California
Plumas,2021-03-12,595,6160,3,684,304,5108,288,368,23,2187,572,2170,311,4357,California
Plumas,2021-03-13,25,6185,4,688,10,5118,11,379,5,2183,20,2190,16,4373,California
Plumas,2021-03-14,12,6197,3,691,4,5122,5,384,1,2179,10,2200,6,4379,California
Plumas,2021-03-15,34,6231,1,692,26,5148,7,391,7,2166,27,2227,14,4393,California
Plumas,2021-03-16,59,6290,2,694,56,5204,1,392,49,2206,10,2237,50,4443,California
Plumas,2021-03-17,74,6364,10,704,63,5267,1,393,59,2252,14,2251,60,4503,California
Plumas,2021-03-18,59,6423,6,710,36,5303,17,410,10,2230,49,2300,27,4530,California
Plumas,2021-03-19,164,6587,6,716,156,5459,2,412,155,2381,7,2307,158,4688,California
Plumas,2021-03-20,693,7280,4,720,688,6147,1,413,672,3035,19,2326,673,5361,California
Plumas,2021-03-21,2,7282,1,721,1,6148,0,413,1,3036,0,2326,1,5362,California
Plumas,2021-03-22,182,7464,2,723,180,6328,0,413,175,3204,7,2333,175,5537,California
Plumas,2021-03-23,27,7491,2,725,25,6353,0,413,13,3203,14,2347,13,5550,California
Plumas,2021-03-24,653,8144,7,732,645,6998,1,414,223,2998,429,2776,224,5774,California
Plumas,2021-03-25,292,8436,5,737,285,7283,2,416,152,3010,140,2916,152,5926,California
Plumas,2021-03-26,307,8743,7,744,300,7583,0,416,45,2794,261,3177,45,5971,California
Plumas,2021-03-27,12,8755,1,745,10,7593,1,417,2,2787,10,3187,3,5974,California
Plumas,2021-03-28,5,8760,3,748,1,7594,1,418,3,2789,2,3189,4,5978,California
Plumas,2021-03-29,13,8773,4,752,8,7602,1,419,5,2787,8,3197,6,5984,California
Plumas,2021-03-30,151,8924,3,755,147,7749,1,420,24,2685,127,3324,25,6009,California
Plumas,2021-03-31,287,9211,2,757,284,8033,1,421,268,2935,19,3343,269,6278,California
Plumas,2021-04-01,292,9503,12,769,280,8313,0,421,59,2762,232,3575,59,6337,California
Plumas,2021-04-02,373,9876,4,773,368,8681,1,422,27,2456,334,3909,28,6365,California
Plumas,2021-04-03,16,9892,2,775,6,8687,8,430,3,2454,13,3922,11,6376,California
Plumas,2021-04-04,3,9895,1,776,1,8688,1,431,0,2452,3,3925,1,6377,California
Plumas,2021-04-05,13,9908,4,780,8,8696,1,432,6,2452,7,3932,7,6384,California
Plumas,2021-04-06,120,10028,6,786,86,8782,28,460,13,2384,107,4039,39,6423,California
Plumas,2021-04-07,281,10309,7,793,99,8881,175,635,27,2332,254,4293,202,6625,California
Plumas,2021-04-08,149,10458,3,796,131,9012,15,650,34,2266,114,4407,48,6673,California
Plumas,2021-04-09,50,10508,9,805,25,9037,16,666,19,2269,31,4438,34,6707,California
Plumas,2021-04-10,23,10531,2,807,5,9042,16,682,4,2270,19,4457,20,6727,California
Plumas,2021-04-11,4,10535,3,810,0,9042,1,683,3,2273,1,4458,4,6731,California
Plumas,2021-04-12,10,10545,4,814,4,9046,2,685,6,2277,4,4462,8,6739,California
Plumas,2021-04-13,207,10752,5,819,202,9248,0,685,138,2346,69,4531,138,6877,California
Plumas,2021-04-14,108,10860,7,826,101,9349,0,685,54,2346,54,4585,54,6931,California
Plumas,2021-04-15,50,10910,3,829,47,9396,0,685,33,2362,17,4602,33,6964,California
Plumas,2021-04-16,144,11054,4,833,140,9536,0,685,4,2226,140,4742,4,6968,California
Plumas,2021-04-17,665,11719,1,834,664,10200,0,685,20,1603,643,5385,20,6988,California
Plumas,2021-04-18,3,11722,2,836,1,10201,0,685,1,1602,2,5387,1,6989,California
Plumas,2021-04-19,38,11760,3,839,35,10236,0,685,5,1574,33,5420,5,6994,California
Plumas,2021-04-20,40,11800,4,843,36,10272,0,685,25,1584,15,5435,25,7019,California
Plumas,2021-04-21,293,12093,6,849,284,10556,3,688,18,1328,274,5709,18,7037,California
Plumas,2021-04-22,269,12362,9,858,260,10816,0,688,131,1321,138,5847,131,7168,California
Plumas,2021-04-23,70,12432,4,862,66,10882,0,688,14,1279,56,5903,14,7182,California
Plumas,2021-04-24,165,12597,3,865,162,11044,0,688,141,1397,23,5926,141,7323,California
Plumas,2021-04-25,1,12598,0,865,1,11045,0,688,1,1398,0,5926,1,7324,California
Plumas,2021-04-26,21,12619,2,867,19,11064,0,688,5,1387,16,5942,5,7329,California
Plumas,2021-04-27,40,12659,3,870,37,11101,0,688,24,1395,16,5958,24,7353,California
Riverside,2020-12-15,4,4,4,4,0,0,0,0,4,4,0,0,4,4,California
Riverside,2020-12-16,64,68,64,68,0,0,0,0,64,68,0,0,64,68,California
Riverside,2020-12-17,805,873,805,873,0,0,0,0,805,873,0,0,805,873,California
Riverside,2020-12-18,1725,2598,1724,2597,1,1,0,0,1725,2598,0,0,1725,2598,California
Riverside,2020-12-19,1026,3624,1023,3620,3,4,0,0,1024,3621,1,1,1024,3622,California
Riverside,2020-12-20,1084,4708,1083,4703,1,5,0,0,1084,4705,0,1,1084,4706,California
Riverside,2020-12-21,2273,6981,2271,6974,2,7,0,0,2273,6978,0,1,2273,6979,California
Riverside,2020-12-22,2251,9232,2212,9186,39,46,0,0,2250,9228,0,1,2250,9229,California
Riverside,2020-12-23,2128,11360,1791,10977,337,383,0,0,2129,11357,0,1,2129,11358,California
Riverside,2020-12-24,826,12186,624,11601,202,585,0,0,826,12183,0,1,826,12184,California
Riverside,2020-12-25,28,12214,5,11606,23,608,0,0,28,12211,0,1,28,12212,California
Riverside,2020-12-26,400,12614,257,11863,143,751,0,0,400,12611,0,1,400,12612,California
Riverside,2020-12-27,361,12975,243,12106,118,869,0,0,361,12972,0,1,361,12973,California
Riverside,2020-12-28,1626,14601,1126,13232,500,1369,0,0,1626,14598,0,1,1626,14599,California
Riverside,2020-12-29,1736,16337,972,14204,764,2133,0,0,1736,16334,0,1,1736,16335,California
Riverside,2020-12-30,2574,18911,1682,15886,892,3025,0,0,2573,18907,0,1,2573,18908,California
Riverside,2020-12-31,1022,19933,394,16280,628,3653,0,0,1024,19931,0,1,1024,19932,California
Riverside,2021-01-01,107,20040,42,16322,65,3718,0,0,107,20038,0,1,107,20039,California
Riverside,2021-01-02,830,20870,691,17013,139,3857,0,0,830,20868,0,1,830,20869,California
Riverside,2021-01-03,345,21215,300,17313,45,3902,0,0,344,21212,0,1,344,21213,California
Riverside,2021-01-04,1258,22473,792,18105,466,4368,0,0,1258,22470,0,1,1258,22471,California
Riverside,2021-01-05,1979,24452,1363,19468,616,4984,0,0,1885,24267,88,89,1885,24356,California
Riverside,2021-01-06,2474,26926,1103,20571,1371,6355,0,0,2168,26133,302,391,2168,26524,California
Riverside,2021-01-07,2767,29693,1814,22385,953,7308,0,0,1704,26780,1059,1450,1706,28230,California
Riverside,2021-01-08,4046,33739,2936,25321,1110,8418,0,0,2234,27206,1808,3258,2234,30464,California
Riverside,2021-01-09,2068,35807,845,26166,1223,9641,0,0,1722,28583,345,3603,1722,32186,California
Riverside,2021-01-10,1663,37470,734,26900,929,10570,0,0,1060,29040,603,4206,1060,33246,California
Riverside,2021-01-11,4509,41979,3094,29994,1415,11985,0,0,2777,30088,1730,5936,2778,36024,California
Riverside,2021-01-12,3403,45382,2731,32725,672,12657,0,0,1716,30122,1682,7618,1716,37740,California
Riverside,2021-01-13,4383,49765,2868,35593,1515,14172,0,0,2780,31302,1600,9218,2780,40520,California
Riverside,2021-01-14,5463,55228,1866,37459,3597,17769,0,0,4877,35593,586,9804,4877,45397,California
Riverside,2021-01-15,6142,61370,2094,39553,4048,21817,0,0,5854,41160,287,10091,5854,51251,California
Riverside,2021-01-16,3611,64981,1018,40571,2593,24410,0,0,3366,44282,245,10336,3367,54618,California
Riverside,2021-01-17,3592,68573,582,41153,3010,27420,0,0,3396,47483,195,10531,3396,58014,California
Riverside,2021-01-18,3719,72292,2019,43172,1700,29120,0,0,2714,49192,1005,11536,2714,60728,California
Riverside,2021-01-19,7401,79693,2637,45809,4764,33884,0,0,6283,54358,1118,12654,6284,67012,California
Riverside,2021-01-20,7955,87648,2873,48682,5082,38966,0,0,6472,59360,1474,14128,6476,73488,California
Riverside,2021-01-21,8217,95865,3379,52061,4838,43804,0,0,7603,66348,615,14743,7603,81091,California
Riverside,2021-01-22,8704,104569,2964,55025,5740,49544,0,0,8276,74199,426,15169,8277,89368,California
Riverside,2021-01-23,5921,110490,2393,57418,3528,53072,0,0,5193,78665,728,15897,5194,94562,California
Riverside,2021-01-24,3033,113523,1430,58848,1603,54675,0,0,2820,81276,210,16107,2821,97383,California
Riverside,2021-01-25,7875,121398,4536,63384,3339,58014,0,0,6751,86905,1123,17230,6752,104135,California
Riverside,2021-01-26,9118,130516,5735,69119,3383,61397,0,0,7606,93002,1510,18740,7607,111742,California
Riverside,2021-01-27,10835,141351,6354,75473,4481,65878,0,0,9271,100715,1561,20301,9274,121016,California
Riverside,2021-01-28,11409,152760,6715,82188,4694,70572,0,0,10253,109821,1148,21449,10254,131270,California
Riverside,2021-01-29,11882,164642,7249,89437,4633,75205,0,0,10514,119000,1341,22790,10520,141790,California
Riverside,2021-01-30,9045,173687,4607,94044,4438,79643,0,0,8583,127125,459,23249,8584,150374,California
Riverside,2021-01-31,5146,178833,4242,98286,904,80547,0,0,5014,132012,131,23380,5018,155392,California
Riverside,2021-02-01,10843,189676,6700,104986,4143,84690,0,0,9066,139310,1771,25151,9069,164461,California
Riverside,2021-02-02,9503,199179,4850,109836,4653,89343,0,0,8020,145856,1476,26627,8022,172483,California
Riverside,2021-02-03,11994,211173,4975,114811,7019,96362,0,0,9766,153404,2218,28845,9766,182249,California
Riverside,2021-02-04,13547,224720,6046,120857,7501,103863,0,0,11457,162780,2083,30928,11459,193708,California
Riverside,2021-02-05,14313,239033,5396,126253,8917,112780,0,0,11276,171031,3029,33957,11280,204988,California
Riverside,2021-02-06,7254,246287,4283,130536,2971,115751,0,0,5614,175016,1632,35589,5617,210605,California
Riverside,2021-02-07,2163,248450,793,131329,1370,117121,0,0,1847,176549,315,35904,1848,212453,California
Riverside,2021-02-08,12442,260892,5527,136856,6915,124036,0,0,10161,184449,2264,38168,10164,222617,California
Riverside,2021-02-09,9638,270530,4522,141378,5116,129152,0,0,7724,190272,1906,40074,7729,230346,California
Riverside,2021-02-10,12050,282580,6975,148353,5075,134227,0,0,8898,196038,3140,43214,8906,239252,California
Riverside,2021-02-11,16551,299131,9035,157388,7516,141743,0,0,12173,203869,4356,47570,12187,251439,California
Riverside,2021-02-12,17665,316796,10814,168202,6851,148594,0,0,12828,211913,4794,52364,12838,264277,California
Riverside,2021-02-13,6320,323116,2124,170326,4196,152790,0,0,3092,211816,3210,55574,3113,267390,California
Riverside,2021-02-14,4926,328042,1122,171448,3804,156594,0,0,2175,211245,2747,58321,2176,269566,California
Riverside,2021-02-15,9808,337850,4995,176443,4813,161407,0,0,5401,212254,4399,62720,5408,274974,California
Riverside,2021-02-16,16101,353951,10108,186551,5993,167400,0,0,9249,214664,6846,69566,9256,284230,California
Riverside,2021-02-17,14998,368949,8192,194743,6806,174206,0,0,7440,214567,7546,77112,7449,291679,California
Riverside,2021-02-18,15467,384416,8939,203682,6528,180734,0,0,8052,215234,7398,84510,8065,299744,California
Riverside,2021-02-19,15239,399655,8213,211895,7026,187760,0,0,7211,214444,8009,92519,7219,306963,California
Riverside,2021-02-20,8056,407711,4252,216147,3804,191564,0,0,2088,210582,5953,98472,2091,309054,California
Riverside,2021-02-21,3411,411122,2896,219043,515,192079,0,0,1025,209235,2372,100844,1025,310079,California
Riverside,2021-02-22,12323,423445,7740,226783,4583,196662,0,0,5096,207126,7210,108054,5101,315180,California
Riverside,2021-02-23,11071,434516,7547,234330,3524,200186,0,0,5382,206850,5662,113716,5386,320566,California
Riverside,2021-02-24,14789,449305,8094,242424,6695,206881,0,0,6301,204719,8449,122165,6318,326884,California
Riverside,2021-02-25,17284,466589,7358,249782,9926,216807,0,0,8019,203519,9244,131409,8044,334928,California
Riverside,2021-02-26,18556,485145,6693,256475,11863,228670,0,0,9272,203595,9228,140637,9304,344232,California
Riverside,2021-02-27,11362,496507,4912,261387,6450,235120,0,0,5668,203627,5662,146299,5694,349926,California
Riverside,2021-02-28,4611,501118,2947,264334,1664,236784,0,0,2374,203781,2227,148526,2381,352307,California
Riverside,2021-03-01,14270,515388,6074,270408,8195,244979,1,1,8418,206406,5821,154347,8446,360753,California
Riverside,2021-03-02,15261,530649,7433,277841,7827,252806,1,2,8967,209130,6272,160619,8996,369749,California
Riverside,2021-03-03,16794,547443,8312,286153,8482,261288,0,2,7236,206981,9510,170129,7361,377110,California
Riverside,2021-03-04,18599,566042,7406,293559,11189,272477,4,6,8851,206282,9705,179834,9006,386116,California
Riverside,2021-03-05,18680,584722,7489,301048,11147,283624,44,50,9247,206465,9383,189217,9566,395682,California
Riverside,2021-03-06,9379,594101,4967,306015,3934,287558,478,528,4655,206919,4710,193927,5164,400846,California
Riverside,2021-03-07,4170,598271,2695,308710,1087,288645,388,916,1960,207070,2201,196128,2352,403198,California
Riverside,2021-03-08,11909,610180,4736,313446,6771,295416,402,1318,5307,206240,6586,202714,5756,408954,California
Riverside,2021-03-09,14636,624816,6759,320205,7381,302797,496,1814,5774,203804,8844,211558,6408,415362,California
Riverside,2021-03-10,15566,640382,8362,328567,6327,309124,877,2691,5995,201292,9537,221095,7025,422387,California
Riverside,2021-03-11,19150,659532,9417,337984,7898,317022,1835,4526,7546,199312,11571,232666,9591,431978,California
Riverside,2021-03-12,21083,680615,7909,345893,8488,325510,4686,9212,7084,197445,13968,246634,12101,444079,California
Riverside,2021-03-13,8343,688958,2501,348394,4669,330179,1173,10385,4282,198938,4041,250675,5534,449613,California
Riverside,2021-03-14,4597,693555,1577,349971,1731,331910,1289,11674,2038,199713,2549,253224,3324,452937,California
Riverside,2021-03-15,18610,712165,7831,357802,9110,341020,1669,13343,9150,201211,9422,262646,10920,463857,California
Riverside,2021-03-16,20853,733018,10112,367914,9928,350948,813,14156,11364,204030,9452,272098,12271,476128,California
Riverside,2021-03-17,21232,754250,10883,378797,9302,360250,1047,15203,12751,209440,8450,280548,13860,489988,California
Riverside,2021-03-18,22526,776776,11704,390501,9169,369419,1653,16856,12506,213632,9975,290523,14167,504155,California
Riverside,2021-03-19,23990,800766,12570,403071,10471,379890,949,17805,14034,219072,9905,300428,15345,519500,California
Riverside,2021-03-20,10575,811341,6832,409903,2580,382470,1163,18968,6810,223306,3740,304168,7974,527474,California
Riverside,2021-03-21,3670,815011,2866,412769,551,383021,253,19221,2521,224945,1136,305304,2775,530249,California
Riverside,2021-03-22,16604,831615,9905,422674,6147,389168,552,19773,10590,230110,5973,311277,11138,541387,California
Riverside,2021-03-23,18517,850132,10481,433155,7615,396783,421,20194,11945,235971,6521,317798,12382,553769,California
Riverside,2021-03-24,18632,868764,10385,443540,8128,404911,119,20313,12824,243155,5765,323563,12949,566718,California
Riverside,2021-03-25,21073,889837,11635,455175,9262,414173,176,20489,14195,250718,6813,330376,14376,581094,California
Riverside,2021-03-26,24033,913870,11860,467035,12001,426174,172,20661,15013,256974,8932,339308,15188,596282,California
Riverside,2021-03-27,9231,923101,4844,471879,3332,429506,1055,21716,4769,258353,4446,343754,5825,602107,California
Riverside,2021-03-28,4724,927825,3106,474985,1526,431032,92,21808,2842,259415,1873,345627,2935,605042,California
Riverside,2021-03-29,17531,945356,8425,483410,8989,440021,117,21925,10900,263840,6601,352228,11026,616068,California
Riverside,2021-03-30,18280,963636,9532,492942,8545,448566,203,22128,11784,269365,6464,358692,11989,628057,California
Riverside,2021-03-31,17958,981594,8369,501311,9288,457854,301,22429,11454,274662,6465,365157,11762,639819,California
Riverside,2021-04-01,25267,1006861,12368,513679,12158,470012,741,23170,16391,282967,8826,373983,17131,656950,California
Riverside,2021-04-02,25912,1032773,13988,527667,10997,481009,927,24097,16315,290891,9547,383530,17471,674421,California
Riverside,2021-04-03,9136,1041909,5801,533468,2775,483784,560,24657,5912,294153,3209,386739,6471,680892,California
Riverside,2021-04-04,3335,1045244,2039,535507,1078,484862,218,24875,1742,294524,1589,388328,1960,682852,California
Riverside,2021-04-05,18186,1063430,9363,544870,7006,491868,1817,26692,9840,297870,8315,396643,11661,694513,California
Riverside,2021-04-06,23550,1086980,12248,557118,9215,501083,2087,28779,13120,302690,10384,407027,15204,709717,California
Riverside,2021-04-07,24478,1111458,13189,570307,8836,509919,2453,31232,13658,308021,10781,417808,16112,725829,California
Riverside,2021-04-08,26884,1138342,14801,585108,9172,519091,2911,34143,16407,316910,10416,428224,19305,745134,California
Riverside,2021-04-09,25934,1164276,15304,600412,8245,527336,2385,36528,15855,325136,10036,438260,18262,763396,California
Riverside,2021-04-10,11822,1176098,6696,607108,3744,531080,1382,37910,5142,325019,6638,444898,6521,769917,California
Riverside,2021-04-11,4545,1180643,2723,609831,1235,532315,587,38497,2162,325396,2372,447270,2749,772666,California
Riverside,2021-04-12,19939,1200582,8887,618718,8479,540794,2573,41070,10039,328149,9861,457131,12614,785280,California
Riverside,2021-04-13,19851,1220433,11130,629848,8693,549487,28,41098,11356,331082,8453,465584,11386,796666,California
Riverside,2021-04-14,21923,1242356,12069,641917,9840,559327,14,41112,10757,330748,11108,476692,10774,807440,California
Riverside,2021-04-15,21500,1263856,12090,654007,9403,568730,7,41119,11273,331860,10170,486862,11282,818722,California
Riverside,2021-04-16,24803,1288659,14370,668377,10427,579157,6,41125,11564,330249,13189,500051,11578,830300,California
Riverside,2021-04-17,9817,1298476,6464,674841,3353,582510,0,41125,4975,330402,4828,504879,4981,835281,California
Riverside,2021-04-18,3841,1302317,2797,677638,1037,583547,7,41132,1834,330250,1995,506874,1843,837124,California
Riverside,2021-04-19,19179,1321496,11350,688988,7827,591374,2,41134,6836,324786,12306,519180,6842,843966,California
Riverside,2021-04-20,18448,1339944,9602,698590,8836,600210,10,41144,7522,321430,10891,530071,7535,851501,California
Riverside,2021-04-21,19291,1359235,10963,709553,8321,608531,7,41151,7617,317443,11618,541689,7631,859132,California
Riverside,2021-04-22,22197,1381432,12710,722263,9484,618015,3,41154,8123,311566,14007,555696,8130,867262,California
Riverside,2021-04-23,20812,1402244,12631,734894,8171,626186,10,41164,7877,306576,12886,568582,7896,875158,California
Riverside,2021-04-24,8624,1410868,6069,740963,2553,628739,2,41166,3756,305492,4845,573427,3761,878919,California
Riverside,2021-04-25,3150,1414018,2027,742990,1123,629862,0,41166,1588,305530,1552,574979,1590,880509,California
Riverside,2021-04-26,12800,1426818,7889,750879,4883,634745,28,41194,4264,301313,8514,583493,4297,884806,California
Riverside,2021-04-27,9874,1436692,5753,756632,4086,638831,35,41229,2842,297187,7004,590497,2878,887684,California
Sacramento,2020-12-15,315,315,315,315,0,0,0,0,315,315,0,0,315,315,California
Sacramento,2020-12-16,643,958,643,958,0,0,0,0,643,958,0,0,643,958,California
Sacramento,2020-12-17,645,1603,645,1603,0,0,0,0,645,1603,0,0,645,1603,California
Sacramento,2020-12-18,972,2575,972,2575,0,0,0,0,972,2575,0,0,972,2575,California
Sacramento,2020-12-19,612,3187,612,3187,0,0,0,0,612,3187,0,0,612,3187,California
Sacramento,2020-12-20,633,3820,633,3820,0,0,0,0,633,3820,0,0,633,3820,California
Sacramento,2020-12-21,1679,5499,1678,5498,1,1,0,0,1680,5500,0,0,1680,5500,California
Sacramento,2020-12-22,2092,7591,2062,7560,30,31,0,0,2092,7592,0,0,2092,7592,California
Sacramento,2020-12-23,2248,9839,2080,9640,168,199,0,0,2248,9840,0,0,2248,9840,California
Sacramento,2020-12-24,1044,10883,833,10473,211,410,0,0,1044,10884,0,0,1044,10884,California
Sacramento,2020-12-25,1,10884,0,10473,1,411,0,0,1,10885,0,0,1,10885,California
Sacramento,2020-12-26,508,11392,291,10764,217,628,0,0,508,11393,0,0,508,11393,California
Sacramento,2020-12-27,350,11742,247,11011,103,731,0,0,350,11743,0,0,350,11743,California
Sacramento,2020-12-28,1902,13644,1323,12334,579,1310,0,0,1901,13643,1,1,1901,13644,California
Sacramento,2020-12-29,1952,15596,1189,13523,763,2073,0,0,1952,15595,0,1,1952,15596,California
Sacramento,2020-12-30,2558,18154,1456,14979,1102,3175,0,0,2559,18154,0,1,2559,18155,California
Sacramento,2020-12-31,1229,19383,695,15674,534,3709,0,0,1230,19384,0,1,1230,19385,California
Sacramento,2021-01-01,78,19461,69,15743,9,3718,0,0,78,19462,0,1,78,19463,California
Sacramento,2021-01-02,563,20024,362,16105,201,3919,0,0,563,20025,0,1,563,20026,California
Sacramento,2021-01-03,410,20434,221,16326,189,4108,0,0,410,20435,0,1,410,20436,California
Sacramento,2021-01-04,1958,22392,845,17171,1113,5221,0,0,1956,22390,1,2,1956,22392,California
Sacramento,2021-01-05,2210,24602,986,18157,1224,6445,0,0,1856,23899,354,356,1863,24255,California
Sacramento,2021-01-06,2732,27334,1623,19780,1109,7554,0,0,1958,25086,771,1127,1958,26213,California
Sacramento,2021-01-07,2826,30160,1503,21283,1323,8877,0,0,1967,26197,856,1983,1967,28180,California
Sacramento,2021-01-08,3286,33446,2085,23368,1201,10078,0,0,2249,27414,1033,3016,2250,30430,California
Sacramento,2021-01-09,1287,34733,796,24164,491,10569,0,0,897,27923,388,3404,897,31327,California
Sacramento,2021-01-10,1246,35979,711,24875,535,11104,0,0,774,28227,471,3875,775,32102,California
Sacramento,2021-01-11,4346,40325,2956,27831,1390,12494,0,0,2411,28713,1934,5809,2420,34522,California
Sacramento,2021-01-12,4424,44749,3034,30865,1390,13884,0,0,2458,29210,1965,7774,2462,36984,California
Sacramento,2021-01-13,3780,48529,2167,33032,1613,15497,0,0,2370,30173,1409,9183,2372,39356,California
Sacramento,2021-01-14,4601,53130,2365,35397,2236,17733,0,0,3678,32932,919,10102,3678,43034,California
Sacramento,2021-01-15,4408,57538,2263,37660,2145,19878,0,0,3684,35895,723,10825,3686,46720,California
Sacramento,2021-01-16,2093,59631,1293,38953,800,20678,0,0,1876,37554,217,11042,1876,48596,California
Sacramento,2021-01-17,1637,61268,952,39905,685,21363,0,0,1459,38838,178,11220,1462,50058,California
Sacramento,2021-01-18,2857,64125,1764,41669,1093,22456,0,0,2332,40647,524,11744,2333,52391,California
Sacramento,2021-01-19,4944,69069,3053,44722,1891,24347,0,0,3678,43061,1266,13010,3680,56071,California
Sacramento,2021-01-20,4772,73841,2823,47545,1949,26296,0,0,3555,45402,1219,14229,3560,59631,California
Sacramento,2021-01-21,5186,79027,2989,50534,2197,28493,0,0,4223,48669,957,15186,4224,63855,California
Sacramento,2021-01-22,4970,83997,2647,53181,2323,30816,0,0,4668,53037,301,15487,4669,68524,California
Sacramento,2021-01-23,3728,87725,1560,54741,2168,32984,0,0,3271,55851,457,15944,3271,71795,California
Sacramento,2021-01-24,1583,89308,992,55733,591,33575,0,0,1343,56955,240,16184,1344,73139,California
Sacramento,2021-01-25,4360,93668,2110,57843,2250,35825,0,0,2943,58483,1417,17601,2945,76084,California
Sacramento,2021-01-26,4721,98389,2135,59978,2586,38411,0,0,3518,60802,1201,18802,3520,79604,California
Sacramento,2021-01-27,5801,104190,3050,63028,2751,41162,0,0,4195,63396,1603,20405,4197,83801,California
Sacramento,2021-01-28,5354,109544,2706,65734,2648,43810,0,0,4259,66562,1094,21499,4260,88061,California
Sacramento,2021-01-29,5391,114935,2935,68669,2456,46266,0,0,4376,69932,1006,22505,4376,92437,California
Sacramento,2021-01-30,4508,119443,2204,70873,2304,48570,0,0,4074,73574,432,22937,4074,96511,California
Sacramento,2021-01-31,2296,121739,2001,72874,295,48865,0,0,2021,75324,273,23210,2023,98534,California
Sacramento,2021-02-01,5908,127647,3010,75884,2898,51763,0,0,4249,77919,1654,24864,4249,102783,California
Sacramento,2021-02-02,6926,134573,3759,79643,3167,54930,0,0,4846,80705,2062,26926,4848,107631,California
Sacramento,2021-02-03,7089,141662,3551,83194,3538,58468,0,0,5229,84086,1850,28776,5231,112862,California
Sacramento,2021-02-04,7704,149366,3629,86823,4075,62543,0,0,5490,87372,2204,30980,5490,118352,California
Sacramento,2021-02-05,7716,157082,4367,91190,3349,65892,0,0,4809,89300,2884,33864,4812,123164,California
Sacramento,2021-02-06,8426,165508,3446,94636,4980,70872,0,0,7097,95073,1325,35189,7098,130262,California
Sacramento,2021-02-07,4057,169565,2173,96809,1884,72756,0,0,2837,96700,1212,36401,2839,133101,California
Sacramento,2021-02-08,6192,175757,3199,100008,2993,75749,0,0,3884,98280,2304,38705,3884,136985,California
Sacramento,2021-02-09,6803,182560,3593,103601,3210,78959,0,0,4011,99509,2783,41488,4012,140997,California
Sacramento,2021-02-10,7662,190222,4181,107782,3481,82440,0,0,4541,100945,3107,44595,4543,145540,California
Sacramento,2021-02-11,9515,199737,5717,113499,3798,86238,0,0,5527,102498,3976,48571,5529,151069,California
Sacramento,2021-02-12,10575,210312,4138,117637,6437,92675,0,0,6385,104736,4150,52721,6388,157457,California
Sacramento,2021-02-13,7600,217912,2991,120628,4609,97284,0,0,6019,109176,1579,54300,6019,163476,California
Sacramento,2021-02-14,3120,221032,1931,122559,1189,98473,0,0,2069,110200,1049,55349,2073,165549,California
Sacramento,2021-02-15,5946,226978,2033,124592,3913,102386,0,0,4150,112564,1788,57137,4152,169701,California
Sacramento,2021-02-16,8998,235976,4199,128791,4799,107185,0,0,5286,114150,3704,60841,5290,174991,California
Sacramento,2021-02-17,8810,244786,4968,133759,3842,111027,0,0,5126,115606,3672,64513,5128,180119,California
Sacramento,2021-02-18,9482,254268,5707,139466,3775,114802,0,0,5735,117605,3739,68252,5738,185857,California
Sacramento,2021-02-19,9989,264257,6132,145598,3857,118659,0,0,5906,119446,4070,72322,5911,191768,California
Sacramento,2021-02-20,7341,271598,5361,150959,1980,120639,0,0,4292,120697,3042,75364,4293,196061,California
Sacramento,2021-02-21,2902,274500,2310,153269,592,121231,0,0,1014,119831,1880,77244,1014,197075,California
Sacramento,2021-02-22,6165,280665,3733,157002,2432,123663,0,0,2671,119022,3484,80728,2675,199750,California
Sacramento,2021-02-23,7127,287792,4428,161430,2699,126362,0,0,3470,118853,3642,84370,3473,203223,California
Sacramento,2021-02-24,9607,297399,5285,166715,4322,130684,0,0,5267,119800,4325,88695,5272,208495,California
Sacramento,2021-02-25,10021,307420,5392,172107,4629,135313,0,0,5551,120895,4456,93151,5551,214046,California
Sacramento,2021-02-26,13882,321302,6451,178558,7431,142744,0,0,9557,126162,4294,97445,9561,223607,California
Sacramento,2021-02-27,10789,332091,6711,185269,4075,146819,3,3,7932,131260,2838,100283,7936,231543,California
Sacramento,2021-02-28,5581,337672,2207,187476,3374,150193,0,3,2571,130837,2995,103278,2572,234115,California
Sacramento,2021-03-01,7988,345660,3424,190900,4564,154757,0,3,4308,131487,3660,106938,4310,238425,California
Sacramento,2021-03-02,9215,354875,4001,194901,5213,159970,1,4,5651,133593,3549,110487,5655,244080,California
Sacramento,2021-03-03,10845,365720,4971,199872,5871,165841,3,7,6451,135673,4376,114863,6456,250536,California
Sacramento,2021-03-04,12344,378064,5112,204984,7228,173069,4,11,7104,137578,5210,120073,7115,257651,California
Sacramento,2021-03-05,10550,388614,4872,209856,5648,178717,30,41,7015,141109,3515,123588,7046,264697,California
Sacramento,2021-03-06,8071,396685,3093,212949,4856,183573,122,163,4088,141352,3966,127554,4209,268906,California
Sacramento,2021-03-07,7562,404247,2187,215136,5290,188863,85,248,3712,141301,3846,131400,3795,272701,California
Sacramento,2021-03-08,9075,413322,4225,219361,4626,193489,224,472,5941,144343,3121,134521,6163,278864,California
Sacramento,2021-03-09,9499,422821,4519,223880,4711,198200,269,741,5463,146054,4021,138542,5732,284596,California
Sacramento,2021-03-10,11620,434441,7464,231344,3828,202028,328,1069,6790,148378,4796,143338,7120,291716,California
Sacramento,2021-03-11,13836,448277,8874,240218,4173,206201,789,1858,8206,151782,5590,148928,8994,300710,California
Sacramento,2021-03-12,17235,465512,8297,248515,8106,214307,832,2690,8136,151712,9047,157975,8977,309687,California
Sacramento,2021-03-13,12923,478435,3566,252081,8936,223243,421,3111,8143,155508,4767,162742,8563,318250,California
Sacramento,2021-03-14,8356,486791,3451,255532,4278,227521,627,3738,4471,156743,3862,166604,5097,323347,California
Sacramento,2021-03-15,12121,498912,4806,260338,6673,234194,642,4380,7058,159402,5042,171646,7701,331048,California
Sacramento,2021-03-16,13921,512833,6186,266524,7098,241292,637,5017,8603,163355,5284,176930,9237,340285,California
Sacramento,2021-03-17,13522,526355,6552,273076,6359,247651,611,5628,8707,167891,4786,181716,9322,349607,California
Sacramento,2021-03-18,13981,540336,6582,279658,6837,254488,562,6190,9266,173032,4685,186401,9826,359433,California
Sacramento,2021-03-19,15014,555350,7449,287107,6197,260685,1368,7558,7596,174600,7395,193796,8963,368396,California
Sacramento,2021-03-20,12880,568230,7535,294642,5006,265691,339,7897,8170,178429,4682,198478,8511,376907,California
Sacramento,2021-03-21,5598,573828,2748,297390,2811,268502,39,7936,4952,182788,634,199112,4993,381900,California
Sacramento,2021-03-22,9232,583060,4763,302153,3702,272204,767,8703,6245,186841,2961,202073,7014,388914,California
Sacramento,2021-03-23,11269,594329,6713,308866,3749,275953,807,9510,7284,190984,3948,206021,8091,397005,California
Sacramento,2021-03-24,11798,606127,7242,316108,3925,279878,631,10141,6742,193373,4986,211007,7375,404380,California
Sacramento,2021-03-25,12512,618639,6819,322927,4886,284764,807,10948,7266,196240,5204,216211,8071,412451,California
Sacramento,2021-03-26,17541,636180,8287,331214,8766,293530,488,11436,8589,196431,8888,225099,9079,421530,California
Sacramento,2021-03-27,9631,645811,3545,334759,5802,299332,284,11720,5196,197503,4405,229504,5477,427007,California
Sacramento,2021-03-28,6478,652289,3213,337972,3017,302349,248,11968,3113,197512,3356,232860,3365,430372,California
Sacramento,2021-03-29,10904,663193,5878,343850,4709,307058,317,12285,5199,197352,5678,238538,5518,435890,California
Sacramento,2021-03-30,11740,674933,6049,349899,5332,312390,359,12644,6020,198032,5698,244236,6378,442268,California
Sacramento,2021-03-31,13302,688235,7801,357700,5105,317495,396,13040,5645,196436,7632,251868,6036,448304,California
Sacramento,2021-04-01,15508,703743,8690,366390,6598,324093,220,13260,5847,192881,9629,261497,6074,454378,California
Sacramento,2021-04-02,15948,719691,8666,375056,6559,330652,723,13983,7920,193526,8001,269498,8646,463024,California
Sacramento,2021-04-03,10342,730033,6163,381219,3632,334284,547,14530,6355,196468,3958,273456,6900,469924,California
Sacramento,2021-04-04,3636,733669,1509,382728,1938,336222,189,14719,1424,195870,2208,275664,1610,471534,California
Sacramento,2021-04-05,11969,745638,7515,390243,3625,339847,829,15548,5349,195457,6587,282251,6174,477708,California
Sacramento,2021-04-06,15455,761093,8802,399045,5331,345178,1322,16870,6842,195037,8583,290834,8163,485871,California
Sacramento,2021-04-07,14646,775739,7931,406976,5142,350320,1573,18443,7115,196218,7499,298333,8680,494551,California
Sacramento,2021-04-08,14850,790589,6684,413660,5220,355540,2946,21389,5922,196178,8896,307229,8856,503407,California
Sacramento,2021-04-09,15718,806307,7643,421303,5916,361456,2159,23548,6110,194869,9571,316800,8262,511669,California
Sacramento,2021-04-10,11547,817854,3106,424409,7399,368855,1042,24590,4585,193551,6938,323738,5620,517289,California
Sacramento,2021-04-11,9459,827313,3090,427499,6148,375003,221,24811,2600,189533,6837,330575,2819,520108,California
Sacramento,2021-04-12,12845,840158,4972,432471,6024,381027,1849,26660,4916,188406,7880,338455,6753,526861,California
Sacramento,2021-04-13,14207,854365,7905,440376,6298,387325,4,26664,5564,185362,8616,347071,5572,532433,California
Sacramento,2021-04-14,14056,868421,7121,447497,6933,394258,2,26666,5091,181525,8934,356005,5097,537530,California
Sacramento,2021-04-15,15099,883520,7424,454921,7673,401931,2,26668,6303,179068,8765,364770,6308,543838,California
Sacramento,2021-04-16,15931,899451,8229,463150,7702,409633,0,26668,7081,177343,8811,373581,7086,550924,California
Sacramento,2021-04-17,11903,911354,4390,467540,7513,417146,0,26668,7887,181232,4001,377582,7890,558814,California
Sacramento,2021-04-18,7212,918566,1914,469454,5298,422444,0,26668,3434,180903,3764,381346,3435,562249,California
Sacramento,2021-04-19,10495,929061,5678,475132,4815,427259,2,26670,4711,179853,5765,387111,4715,566964,California
Sacramento,2021-04-20,11021,940082,6675,481807,4343,431602,3,26673,5882,180619,5123,392234,5889,572853,California
Sacramento,2021-04-21,11366,951448,6562,488369,4801,436403,3,26676,6164,181607,5180,397414,6168,579021,California
Sacramento,2021-04-22,12073,963521,7245,495614,4825,441228,3,26679,6484,182533,5564,402978,6490,585511,California
Sacramento,2021-04-23,12301,975822,7328,502942,4973,446201,0,26679,5706,181675,6564,409542,5706,591217,California
Sacramento,2021-04-24,7273,983095,4182,507124,3090,449291,1,26680,4113,182653,3138,412680,4116,595333,California
Sacramento,2021-04-25,5426,988521,2923,510047,2503,451794,0,26680,2905,183047,2511,415191,2905,598238,California
Sacramento,2021-04-26,8505,997026,5289,515336,3194,454988,22,26702,3842,182268,4643,419834,3864,602102,California
Sacramento,2021-04-27,6415,1003441,4751,520087,1636,456624,28,26730,2708,181318,3688,423522,2738,604840,California
San Benito,2020-12-16,2,2,2,2,0,0,0,0,2,2,0,0,2,2,California
San Benito,2020-12-17,8,10,8,10,0,0,0,0,8,10,0,0,8,10,California
San Benito,2020-12-18,32,42,32,42,0,0,0,0,32,42,0,0,32,42,California
San Benito,2020-12-19,47,89,47,89,0,0,0,0,47,89,0,0,47,89,California
San Benito,2020-12-20,22,111,21,110,1,1,0,0,22,111,0,0,22,111,California
San Benito,2020-12-21,48,159,48,158,0,1,0,0,48,159,0,0,48,159,California
San Benito,2020-12-22,65,224,65,223,0,1,0,0,65,224,0,0,65,224,California
San Benito,2020-12-23,48,272,36,259,12,13,0,0,48,272,0,0,48,272,California
San Benito,2020-12-24,12,284,4,263,8,21,0,0,12,284,0,0,12,284,California
San Benito,2020-12-25,4,288,4,267,0,21,0,0,4,288,0,0,4,288,California
San Benito,2020-12-26,13,301,4,271,9,30,0,0,13,301,0,0,13,301,California
San Benito,2020-12-27,8,309,7,278,1,31,0,0,8,309,0,0,8,309,California
San Benito,2020-12-28,63,372,36,314,27,58,0,0,63,372,0,0,63,372,California
San Benito,2020-12-29,49,421,20,334,29,87,0,0,49,421,0,0,49,421,California
San Benito,2020-12-30,59,480,37,371,22,109,0,0,59,480,0,0,59,480,California
San Benito,2020-12-31,19,499,2,373,17,126,0,0,19,499,0,0,19,499,California
San Benito,2021-01-02,24,523,23,396,1,127,0,0,24,523,0,0,24,523,California
San Benito,2021-01-03,3,526,1,397,2,129,0,0,3,526,0,0,3,526,California
San Benito,2021-01-04,62,588,23,420,39,168,0,0,62,588,0,0,62,588,California
San Benito,2021-01-05,118,706,36,456,82,250,0,0,115,700,3,3,115,703,California
San Benito,2021-01-06,97,803,42,498,55,305,0,0,83,769,14,17,83,786,California
San Benito,2021-01-07,80,883,43,541,37,342,0,0,52,793,28,45,52,838,California
San Benito,2021-01-08,129,1012,66,607,63,405,0,0,86,836,43,88,86,924,California
San Benito,2021-01-09,44,1056,31,638,13,418,0,0,30,852,14,102,30,954,California
San Benito,2021-01-10,15,1071,13,651,2,420,0,0,5,847,10,112,5,959,California
San Benito,2021-01-11,102,1173,59,710,43,463,0,0,49,843,53,165,49,1008,California
San Benito,2021-01-12,156,1329,53,763,103,566,0,0,120,927,36,201,120,1128,California
San Benito,2021-01-13,190,1519,35,798,155,721,0,0,163,1063,27,228,163,1291,California
San Benito,2021-01-14,116,1635,23,821,93,814,0,0,99,1145,17,245,99,1390,California
San Benito,2021-01-15,215,1850,21,842,194,1008,0,0,201,1332,14,259,201,1591,California
San Benito,2021-01-16,27,1877,9,851,18,1026,0,0,21,1347,6,265,21,1612,California
San Benito,2021-01-17,11,1888,5,856,6,1032,0,0,8,1352,3,268,8,1620,California
San Benito,2021-01-18,36,1924,23,879,13,1045,0,0,21,1358,15,283,21,1641,California
San Benito,2021-01-19,150,2074,63,942,87,1132,0,0,124,1456,26,309,124,1765,California
San Benito,2021-01-20,261,2335,80,1022,181,1313,0,0,215,1626,45,354,215,1980,California
San Benito,2021-01-21,124,2459,31,1053,93,1406,0,0,100,1702,24,378,100,2080,California
San Benito,2021-01-22,230,2689,19,1072,211,1617,0,0,220,1912,10,388,220,2300,California
San Benito,2021-01-23,30,2719,16,1088,14,1631,0,0,13,1908,17,405,13,2313,California
San Benito,2021-01-24,11,2730,3,1091,8,1639,0,0,7,1911,4,409,7,2320,California
San Benito,2021-01-25,67,2797,25,1116,42,1681,0,0,22,1888,45,454,22,2342,California
San Benito,2021-01-26,134,2931,41,1157,93,1774,0,0,81,1916,53,507,81,2423,California
San Benito,2021-01-27,230,3161,69,1226,161,1935,0,0,190,2066,40,547,190,2613,California
San Benito,2021-01-28,155,3316,32,1258,123,2058,0,0,123,2158,31,578,123,2736,California
San Benito,2021-01-29,284,3600,31,1289,253,2311,0,0,261,2397,22,600,261,2997,California
San Benito,2021-01-30,50,3650,31,1320,19,2330,0,0,28,2403,22,622,28,3025,California
San Benito,2021-01-31,16,3666,5,1325,11,2341,0,0,11,2409,5,627,11,3036,California
San Benito,2021-02-01,133,3799,28,1353,105,2446,0,0,89,2454,44,671,89,3125,California
San Benito,2021-02-02,226,4025,49,1402,177,2623,0,0,136,2500,90,761,136,3261,California
San Benito,2021-02-03,336,4361,42,1444,294,2917,0,0,272,2708,64,825,272,3533,California
San Benito,2021-02-04,161,4522,24,1468,137,3054,0,0,117,2781,44,869,117,3650,California
San Benito,2021-02-05,289,4811,40,1508,249,3303,0,0,227,2946,62,931,227,3877,California
San Benito,2021-02-06,49,4860,9,1517,40,3343,0,0,32,2961,17,948,32,3909,California
San Benito,2021-02-07,15,4875,7,1524,8,3351,0,0,14,2974,1,949,14,3923,California
San Benito,2021-02-08,138,5013,15,1539,123,3474,0,0,92,3020,46,995,92,4015,California
San Benito,2021-02-09,326,5339,64,1603,262,3736,0,0,195,3084,131,1126,195,4210,California
San Benito,2021-02-10,318,5657,88,1691,230,3966,0,0,124,3014,194,1320,124,4334,California
San Benito,2021-02-11,296,5953,32,1723,264,4230,0,0,198,3114,98,1418,198,4532,California
San Benito,2021-02-12,412,6365,30,1753,382,4612,0,0,207,3117,204,1622,207,4739,California
San Benito,2021-02-13,57,6422,8,1761,49,4661,0,0,43,3146,14,1636,43,4782,California
San Benito,2021-02-14,40,6462,5,1766,35,4696,0,0,30,3166,10,1646,30,4812,California
San Benito,2021-02-15,106,6568,9,1775,97,4793,0,0,95,3250,11,1657,95,4907,California
San Benito,2021-02-16,205,6773,11,1786,194,4987,0,0,101,3247,104,1761,101,5008,California
San Benito,2021-02-17,327,7100,30,1816,297,5284,0,0,278,3476,49,1810,278,5286,California
San Benito,2021-02-18,291,7391,38,1854,253,5537,0,0,70,3325,221,2031,70,5356,California
San Benito,2021-02-19,338,7729,45,1899,293,5830,0,0,173,3333,165,2196,173,5529,California
San Benito,2021-02-20,45,7774,26,1925,19,5849,0,0,36,3360,9,2205,36,5565,California
San Benito,2021-02-21,23,7797,8,1933,15,5864,0,0,14,3365,9,2214,14,5579,California
San Benito,2021-02-22,132,7929,36,1969,96,5960,0,0,98,3430,33,2247,98,5677,California
San Benito,2021-02-23,374,8303,92,2061,282,6242,0,0,262,3580,112,2359,262,5939,California
San Benito,2021-02-24,375,8678,63,2124,312,6554,0,0,236,3677,139,2498,236,6175,California
San Benito,2021-02-25,390,9068,63,2187,327,6881,0,0,270,3825,122,2620,270,6445,California
San Benito,2021-02-26,641,9709,73,2260,568,7449,0,0,398,3980,243,2863,398,6843,California
San Benito,2021-02-27,98,9807,36,2296,62,7511,0,0,83,4048,15,2878,83,6926,California
San Benito,2021-02-28,248,10055,24,2320,224,7735,0,0,239,4278,9,2887,239,7165,California
San Benito,2021-03-01,224,10279,59,2379,165,7900,0,0,155,4363,70,2957,155,7320,California
San Benito,2021-03-02,274,10553,90,2469,184,8084,0,0,204,4497,70,3027,204,7524,California
San Benito,2021-03-03,389,10942,57,2526,332,8416,0,0,214,4538,173,3200,214,7738,California
San Benito,2021-03-04,608,11550,123,2649,470,8886,15,15,429,4792,179,3379,433,8171,California
San Benito,2021-03-05,582,12132,305,2954,264,9150,13,28,373,4970,208,3587,386,8557,California
San Benito,2021-03-06,189,12321,66,3020,109,9259,14,42,138,5071,51,3638,152,8709,California
San Benito,2021-03-07,647,12968,603,3623,22,9281,22,64,615,5676,32,3670,637,9346,California
San Benito,2021-03-08,288,13256,65,3688,177,9458,46,110,167,5768,121,3791,213,9559,California
San Benito,2021-03-09,423,13679,84,3772,240,9698,99,209,137,5692,285,4076,209,9768,California
San Benito,2021-03-10,402,14081,114,3886,193,9891,95,304,232,5849,170,4246,327,10095,California
San Benito,2021-03-11,467,14548,119,4005,196,10087,152,456,207,5948,260,4506,359,10454,California
San Benito,2021-03-12,511,15059,117,4122,300,10387,94,550,229,5992,280,4786,324,10778,California
San Benito,2021-03-13,201,15260,102,4224,81,10468,18,568,128,6067,71,4857,146,10924,California
San Benito,2021-03-14,232,15492,40,4264,172,10640,20,588,180,6216,51,4908,200,11124,California
San Benito,2021-03-15,323,15815,99,4363,205,10845,19,607,189,6290,134,5042,208,11332,California
San Benito,2021-03-16,495,16310,217,4580,247,11092,31,638,348,6521,147,5189,378,11710,California
San Benito,2021-03-17,785,17095,475,5055,289,11381,21,659,559,6871,222,5411,572,12282,California
San Benito,2021-03-18,786,17881,523,5578,207,11588,56,715,571,7276,213,5624,618,12900,California
San Benito,2021-03-19,778,18659,404,5982,351,11939,23,738,581,7683,197,5821,604,13504,California
San Benito,2021-03-20,237,18896,146,6128,79,12018,12,750,181,7820,56,5877,193,13697,California
San Benito,2021-03-21,108,19004,56,6184,47,12065,5,755,81,7879,27,5904,86,13783,California
San Benito,2021-03-22,343,19347,170,6354,148,12213,25,780,220,8001,123,6027,245,14028,California
San Benito,2021-03-23,475,19822,197,6551,268,12481,10,790,215,7965,260,6287,224,14252,California
San Benito,2021-03-24,573,20395,304,6855,262,12743,7,797,359,8118,213,6500,366,14618,California
San Benito,2021-03-25,741,21136,440,7295,297,13040,4,801,445,8273,294,6794,449,15067,California
San Benito,2021-03-26,995,22131,517,7812,475,13515,3,804,328,7938,666,7460,331,15398,California
San Benito,2021-03-27,331,22462,182,7994,116,13631,33,837,214,8069,116,7576,247,15645,California
San Benito,2021-03-28,691,23153,570,8564,116,13747,5,842,126,7635,565,8141,131,15776,California
San Benito,2021-03-29,349,23502,113,8677,216,13963,20,862,154,7613,195,8336,173,15949,California
San Benito,2021-03-30,570,24072,267,8944,209,14172,94,956,287,7711,283,8619,381,16330,California
San Benito,2021-03-31,577,24649,354,9298,199,14371,24,980,330,7820,245,8864,354,16684,California
San Benito,2021-04-01,930,25579,374,9672,518,14889,38,1018,554,8031,375,9239,586,17270,California
San Benito,2021-04-02,537,26116,262,9934,140,15029,135,1153,265,8159,272,9511,400,17670,California
San Benito,2021-04-03,251,26367,86,10020,104,15133,61,1214,75,8119,176,9687,136,17806,California
San Benito,2021-04-04,143,26510,108,10128,30,15163,5,1219,106,8193,37,9724,111,17917,California
San Benito,2021-04-05,351,26861,171,10299,138,15301,42,1261,143,8169,208,9932,184,18101,California
San Benito,2021-04-06,455,27316,158,10457,122,15423,175,1436,158,8205,297,10229,333,18434,California
San Benito,2021-04-07,922,28238,520,10977,212,15635,190,1626,253,7980,668,10897,443,18877,California
San Benito,2021-04-08,847,29085,423,11400,172,15807,252,1878,214,7814,632,11529,466,19343,California
San Benito,2021-04-09,856,29941,515,11915,250,16057,91,1969,307,7663,549,12078,398,19741,California
San Benito,2021-04-10,343,30284,214,12129,71,16128,58,2027,197,7772,146,12224,255,19996,California
San Benito,2021-04-11,503,30787,303,12432,167,16295,33,2060,277,7855,226,12450,309,20305,California
San Benito,2021-04-12,553,31340,313,12745,129,16424,111,2171,303,8017,249,12699,411,20716,California
San Benito,2021-04-13,782,32122,323,13068,436,16860,23,2194,554,8368,227,12926,578,21294,California
San Benito,2021-04-14,861,32983,684,13752,177,17037,0,2194,426,8364,430,13356,426,21720,California
San Benito,2021-04-15,919,33902,717,14469,201,17238,1,2195,452,8351,466,13822,453,22173,California
San Benito,2021-04-16,693,34595,362,14831,322,17560,9,2204,290,8250,400,14222,299,22472,California
San Benito,2021-04-17,308,34903,225,15056,83,17643,0,2204,125,8192,183,14405,125,22597,California
San Benito,2021-04-18,492,35395,411,15467,81,17724,0,2204,241,8183,251,14656,242,22839,California
San Benito,2021-04-19,725,36120,584,16051,141,17865,0,2204,409,8278,315,14971,410,23249,California
San Benito,2021-04-20,737,36857,390,16441,346,18211,1,2205,466,8478,266,15237,466,23715,California
San Benito,2021-04-21,933,37790,690,17131,243,18454,0,2205,507,8573,412,15649,507,24222,California
San Benito,2021-04-22,834,38624,660,17791,174,18628,0,2205,521,8789,305,15954,521,24743,California
San Benito,2021-04-23,544,39168,327,18118,216,18844,1,2206,283,8861,212,16166,284,25027,California
San Benito,2021-04-24,193,39361,71,18189,122,18966,0,2206,106,8888,79,16245,106,25133,California
San Benito,2021-04-25,104,39465,47,18236,57,19023,0,2206,38,8860,66,16311,38,25171,California
San Benito,2021-04-26,338,39803,249,18485,89,19112,0,2206,145,8872,133,16444,145,25316,California
San Benito,2021-04-27,266,40069,84,18569,178,19290,4,2210,201,9012,65,16509,205,25521,California
San Bernardino,2020-12-15,13,13,13,13,0,0,0,0,13,13,0,0,13,13,California
San Bernardino,2020-12-16,107,120,107,120,0,0,0,0,107,120,0,0,107,120,California
San Bernardino,2020-12-17,2349,2469,2349,2469,0,0,0,0,2349,2469,0,0,2349,2469,California
San Bernardino,2020-12-18,3142,5611,3139,5608,3,3,0,0,3143,5612,0,0,3143,5612,California
San Bernardino,2020-12-19,1068,6679,1067,6675,1,4,0,0,1069,6681,0,0,1069,6681,California
San Bernardino,2020-12-20,1174,7853,1172,7847,2,6,0,0,1174,7855,0,0,1174,7855,California
San Bernardino,2020-12-21,2452,10305,2447,10294,5,11,0,0,2452,10307,0,0,2452,10307,California
San Bernardino,2020-12-22,2266,12571,2140,12434,126,137,0,0,2267,12574,0,0,2267,12574,California
San Bernardino,2020-12-23,2646,15217,1454,13888,1192,1329,0,0,2645,15219,0,0,2645,15219,California
San Bernardino,2020-12-24,1161,16378,585,14473,576,1905,0,0,1163,16382,0,0,1163,16382,California
San Bernardino,2020-12-25,74,16452,14,14487,60,1965,0,0,74,16456,0,0,74,16456,California
San Bernardino,2020-12-26,462,16914,254,14741,208,2173,0,0,462,16918,0,0,462,16918,California
San Bernardino,2020-12-27,343,17257,160,14901,183,2356,0,0,343,17261,0,0,343,17261,California
San Bernardino,2020-12-28,1564,18821,711,15612,853,3209,0,0,1565,18826,0,0,1565,18826,California
San Bernardino,2020-12-29,2210,21031,1042,16654,1168,4377,0,0,2210,21036,0,0,2210,21036,California
San Bernardino,2020-12-30,2891,23922,1459,18113,1432,5809,0,0,2892,23928,0,0,2892,23928,California
San Bernardino,2020-12-31,1358,25280,440,18553,918,6727,0,0,1356,25284,0,0,1356,25284,California
San Bernardino,2021-01-01,281,25561,150,18703,131,6858,0,0,280,25564,0,0,280,25564,California
San Bernardino,2021-01-02,475,26036,339,19042,136,6994,0,0,475,26039,0,0,475,26039,California
San Bernardino,2021-01-03,134,26170,85,19127,49,7043,0,0,134,26173,0,0,134,26173,California
San Bernardino,2021-01-04,2119,28289,1286,20413,833,7876,0,0,2118,28291,0,0,2118,28291,California
San Bernardino,2021-01-05,2329,30618,1458,21871,871,8747,0,0,2219,30401,109,109,2219,30510,California
San Bernardino,2021-01-06,3430,34048,2353,24224,1077,9824,0,0,2937,32852,487,596,2938,33448,California
San Bernardino,2021-01-07,5408,39456,4499,28723,909,10733,0,0,2478,32419,2911,3507,2478,35926,California
San Bernardino,2021-01-08,5362,44818,4441,33164,921,11654,0,0,2288,31638,3070,6577,2289,38215,California
San Bernardino,2021-01-09,1400,46218,1101,34265,299,11953,0,0,904,32046,496,7073,904,39119,California
San Bernardino,2021-01-10,1020,47238,597,34862,423,12376,0,0,573,32172,447,7520,573,39692,California
San Bernardino,2021-01-11,4980,52218,4075,38937,905,13281,0,0,2767,32729,2210,9730,2767,42459,California
San Bernardino,2021-01-12,4227,56445,3218,42155,1009,14290,0,0,2514,33531,1712,11442,2514,44973,California
San Bernardino,2021-01-13,4552,60997,2849,45004,1703,15993,0,0,3328,35649,1211,12653,3329,48302,California
San Bernardino,2021-01-14,4743,65740,2774,47778,1969,17962,0,0,4160,39230,579,13232,4160,52462,California
San Bernardino,2021-01-15,5977,71717,2974,50752,3003,20965,0,0,5581,44428,386,13618,5584,58046,California
San Bernardino,2021-01-16,2257,73974,1292,52044,965,21930,0,0,2116,46403,141,13759,2116,60162,California
San Bernardino,2021-01-17,1189,75163,515,52559,674,22604,0,0,1099,47415,89,13848,1101,61263,California
San Bernardino,2021-01-18,4267,79430,2638,55197,1629,24233,0,0,3648,50448,618,14466,3651,64914,California
San Bernardino,2021-01-19,6300,85730,3706,58903,2594,26827,0,0,5209,54570,1089,15555,5211,70125,California
San Bernardino,2021-01-20,6800,92530,3732,62635,3068,29895,0,0,4872,57524,1920,17475,4874,74999,California
San Bernardino,2021-01-21,5981,98511,3074,65709,2907,32802,0,0,4866,61286,1106,18581,4868,79867,California
San Bernardino,2021-01-22,6500,105011,3035,68744,3465,36267,0,0,5779,66347,719,19300,5780,85647,California
San Bernardino,2021-01-23,3105,108116,1889,70633,1216,37483,0,0,2717,68677,387,19687,2717,88364,California
San Bernardino,2021-01-24,1194,109310,461,71094,733,38216,0,0,1094,69671,100,19787,1094,89458,California
San Bernardino,2021-01-25,6865,116175,3396,74490,3469,41685,0,0,5019,72850,1844,21631,5023,94481,California
San Bernardino,2021-01-26,7106,123281,3568,78058,3538,45223,0,0,5011,75767,2095,23726,5012,99493,California
San Bernardino,2021-01-27,8398,131679,4150,82208,4248,49471,0,0,5694,78765,2696,26422,5694,105187,California
San Bernardino,2021-01-28,8573,140252,4067,86275,4506,53977,0,0,6254,82705,2314,28736,6254,111441,California
San Bernardino,2021-01-29,8178,148430,3766,90041,4412,58389,0,0,6213,86980,1952,30688,6227,117668,California
San Bernardino,2021-01-30,3092,151522,1902,91943,1190,59579,0,0,2806,89502,285,30973,2807,120475,California
San Bernardino,2021-01-31,922,152444,492,92435,430,60009,0,0,869,90319,52,31025,869,121344,California
San Bernardino,2021-02-01,7537,159981,4231,96666,3306,63315,0,0,4919,92623,2615,33640,4919,126263,California
San Bernardino,2021-02-02,10402,170383,3654,100320,6748,70063,0,0,8353,98932,2045,35685,8354,134617,California
San Bernardino,2021-02-03,8976,179359,4145,104465,4831,74894,0,0,6487,102939,2481,38166,6488,141105,California
San Bernardino,2021-02-04,10510,189869,5195,109660,5315,80209,0,0,7443,107326,3056,41222,7443,148548,California
San Bernardino,2021-02-05,10977,200846,5909,115569,5068,85277,0,0,7456,111273,3510,44732,7457,156005,California
San Bernardino,2021-02-06,5251,206097,2206,117775,3045,88322,0,0,3616,113282,1610,46342,3619,159624,California
San Bernardino,2021-02-07,844,206941,491,118266,353,88675,0,0,467,113376,374,46716,468,160092,California
San Bernardino,2021-02-08,7275,214216,3879,122145,3396,92071,0,0,5608,117321,1663,48379,5608,165700,California
San Bernardino,2021-02-09,9909,224125,5822,127967,4087,96158,0,0,6683,120783,3224,51603,6686,172386,California
San Bernardino,2021-02-10,12008,236133,6532,134499,5476,101634,0,0,7844,124475,4153,55756,7845,180231,California
San Bernardino,2021-02-11,12323,248456,7105,141604,5218,106852,0,0,7884,127945,4417,60173,7887,188118,California
San Bernardino,2021-02-12,10345,258801,5928,147532,4417,111269,0,0,5690,128994,4641,64814,5690,193808,California
San Bernardino,2021-02-13,6014,264815,3996,151528,2018,113287,0,0,3777,130555,2221,67035,3782,197590,California
San Bernardino,2021-02-14,1549,266364,649,152177,900,114187,0,0,872,130758,669,67704,872,198462,California
San Bernardino,2021-02-15,5455,271819,2996,155173,2459,116646,0,0,3053,131423,2388,70092,3053,201515,California
San Bernardino,2021-02-16,12593,284412,7373,162546,5220,121866,0,0,7968,134780,4612,74704,7969,209484,California
San Bernardino,2021-02-17,11784,296196,6455,169001,5329,127195,0,0,7140,137294,4628,79332,7142,216626,California
San Bernardino,2021-02-18,12450,308646,7585,176586,4865,132060,0,0,7709,140278,4726,84058,7710,224336,California
San Bernardino,2021-02-19,11467,320113,5905,182491,5562,137622,0,0,6783,142396,4665,88723,6783,231119,California
San Bernardino,2021-02-20,4496,324609,3451,185942,1045,138667,0,0,2041,141985,2453,91176,2042,233161,California
San Bernardino,2021-02-21,1021,325630,564,186506,457,139124,0,0,323,141611,697,91873,323,233484,California
San Bernardino,2021-02-22,8615,334245,5320,191826,3295,142419,0,0,4025,141058,4579,96452,4026,237510,California
San Bernardino,2021-02-23,9067,343312,5403,197229,3664,146083,0,0,4555,141133,4480,100932,4555,242065,California
San Bernardino,2021-02-24,12331,355643,7135,204364,5196,151279,0,0,6074,140975,6233,107165,6075,248140,California
San Bernardino,2021-02-25,12987,368630,6265,210629,6722,158001,0,0,7556,143121,5413,112578,7559,255699,California
San Bernardino,2021-02-26,13546,382176,6373,217002,7173,165174,0,0,7542,144722,5943,118521,7544,263243,California
San Bernardino,2021-02-27,6605,388781,3672,220674,2932,168106,1,1,4785,147697,1811,120332,4786,268029,California
San Bernardino,2021-02-28,1736,390517,710,221384,1026,169132,0,1,1121,148208,610,120942,1121,269150,California
San Bernardino,2021-03-01,8376,398893,4316,225700,4058,173190,2,3,3816,147495,4539,125481,3826,272976,California
San Bernardino,2021-03-02,13636,412529,5355,231055,8281,181471,0,3,6422,146733,7187,132668,6425,279401,California
San Bernardino,2021-03-03,12613,425142,6398,237453,6213,187684,2,5,5825,145795,6770,139438,5832,285233,California
San Bernardino,2021-03-04,13621,438763,6859,244312,6762,194446,0,5,5917,144032,7684,147122,5921,291154,California
San Bernardino,2021-03-05,14125,452888,7303,251615,6821,201267,1,6,6833,143621,7263,154385,6852,298006,California
San Bernardino,2021-03-06,9556,462444,5307,256922,4034,205301,215,221,4443,143179,5099,159484,4657,302663,California
San Bernardino,2021-03-07,1569,464013,927,257849,587,205888,55,276,999,143665,568,160052,1054,303717,California
San Bernardino,2021-03-08,7961,471974,3489,261338,4312,210200,160,436,3504,142881,4451,164503,3667,307384,California
San Bernardino,2021-03-09,12584,484558,7019,268357,5320,215520,245,681,4849,140255,7721,172224,5095,312479,California
San Bernardino,2021-03-10,13977,498535,7676,276033,5778,221298,523,1204,6189,139211,7761,179985,6717,319196,California
San Bernardino,2021-03-11,15153,513688,7112,283145,6534,227832,1507,2711,7250,140082,7883,187868,8754,327950,California
San Bernardino,2021-03-12,15221,528909,6791,289936,6416,234248,2014,4725,7271,141492,7922,195790,9332,337282,California
San Bernardino,2021-03-13,8266,537175,4495,294431,3270,237518,501,5226,4903,143545,3353,199143,5406,342688,California
San Bernardino,2021-03-14,3210,540385,1607,296038,1035,238553,568,5794,1838,144579,1366,200509,2400,345088,California
San Bernardino,2021-03-15,11267,551652,5312,301350,3956,242509,1999,7793,5527,146371,5731,206240,7523,352611,California
San Bernardino,2021-03-16,16003,567655,7909,309259,7151,249660,943,8736,9762,150853,6219,212459,10701,363312,California
San Bernardino,2021-03-17,16930,584585,8464,317723,7718,257378,748,9484,10142,154972,6772,219231,10891,374203,California
San Bernardino,2021-03-18,16271,600856,8068,325791,7819,265197,384,9868,9559,158231,6685,225916,9944,384147,California
San Bernardino,2021-03-19,16763,617619,8296,334087,7880,273077,587,10455,9586,161305,7152,233068,10226,394373,California
San Bernardino,2021-03-20,9384,627003,5907,339994,2895,275972,582,11037,5577,163679,3782,236850,6156,400529,California
San Bernardino,2021-03-21,2746,629749,2237,342231,462,276434,47,11084,2225,165442,509,237359,2272,402801,California
San Bernardino,2021-03-22,9543,639292,4483,346714,4627,281061,433,11517,6930,170208,2598,239957,7364,410165,California
San Bernardino,2021-03-23,15386,654678,8739,355453,6025,287086,622,12139,9630,174721,5738,245695,10251,420416,California
San Bernardino,2021-03-24,14929,669607,7755,363208,6876,293962,298,12437,9957,180039,4938,250633,10256,430672,California
San Bernardino,2021-03-25,16825,686432,8277,371485,8254,302216,294,12731,10696,184942,6083,256716,10986,441658,California
San Bernardino,2021-03-26,17865,704297,8580,380065,8518,310734,767,13498,10855,189586,6978,263694,11622,453280,California
San Bernardino,2021-03-27,10691,714988,6890,386955,3054,313788,747,14245,6138,191934,4537,268231,6885,460165,California
San Bernardino,2021-03-28,3520,718508,2469,389424,938,314726,113,14358,2483,193499,1030,269261,2595,462760,California
San Bernardino,2021-03-29,11605,730113,6072,395496,5137,319863,396,14754,7925,198153,3667,272928,8321,471081,California
San Bernardino,2021-03-30,16756,746869,9398,404894,6650,326513,708,15462,10783,203698,5940,278868,11485,482566,California
San Bernardino,2021-03-31,16157,763026,9143,414037,6406,332919,608,16070,10852,209875,5280,284148,11457,494023,California
San Bernardino,2021-04-01,19394,782420,10259,424296,7783,340702,1352,17422,12532,216922,6832,290980,13879,507902,California
San Bernardino,2021-04-02,18417,800837,9229,433525,7920,348622,1268,18690,11140,222119,7251,298231,12448,520350,California
San Bernardino,2021-04-03,10904,811741,6818,440343,2963,351585,1123,19813,5974,224297,4916,303147,7094,527444,California
San Bernardino,2021-04-04,2447,814188,1484,441827,717,352302,246,20059,1255,224608,1188,304335,1499,528943,California
San Bernardino,2021-04-05,11659,825847,5243,447070,4693,356995,1723,21782,5987,226664,5651,309986,7707,536650,California
San Bernardino,2021-04-06,19568,845415,10999,458069,6480,363475,2089,23871,10395,230009,9138,319124,12483,549133,California
San Bernardino,2021-04-07,20758,866173,11109,469178,7202,370677,2447,26318,11378,234471,9352,328476,13814,562947,California
San Bernardino,2021-04-08,21553,887726,11046,480224,7923,378600,2584,28902,11941,239408,9583,338059,14520,577467,California
San Bernardino,2021-04-09,21434,909160,10882,491106,8023,386623,2529,31431,11687,243904,9714,347773,14210,591677,California
San Bernardino,2021-04-10,15482,924642,8013,499119,3792,390415,3677,35108,7693,247498,7768,355541,11362,603039,California
San Bernardino,2021-04-11,4329,928971,2541,501660,881,391296,907,36015,2009,248099,2314,357855,2915,605954,California
San Bernardino,2021-04-12,13256,942227,6151,507811,5495,396791,1610,37625,6295,249061,6941,364796,7903,613857,California
San Bernardino,2021-04-13,19114,961341,10919,518730,8176,404967,19,37644,10946,251883,8143,372939,10965,624822,California
San Bernardino,2021-04-14,18808,980149,10241,528971,8565,413532,2,37646,10765,254639,8012,380951,10768,635590,California
San Bernardino,2021-04-15,19841,999990,11153,540124,8685,422217,3,37649,10577,255994,9228,390179,10583,646173,California
San Bernardino,2021-04-16,18413,1018403,10490,550614,7920,430137,3,37652,9123,255867,9252,399431,9125,655298,California
San Bernardino,2021-04-17,11752,1030155,7736,558350,4016,434153,0,37652,6165,256474,5558,404989,6165,661463,California
San Bernardino,2021-04-18,2789,1032944,1886,560236,903,435056,0,37652,1270,256236,1508,406497,1270,662733,California
San Bernardino,2021-04-19,12399,1045343,6610,566846,5789,440845,0,37652,4805,253470,7575,414072,4809,667542,California
San Bernardino,2021-04-20,17275,1062618,9624,576470,7648,448493,3,37655,7880,251980,9374,423446,7884,675426,California
San Bernardino,2021-04-21,17723,1080341,10209,586679,7513,456006,1,37656,7876,250065,9792,433238,7877,683303,California
San Bernardino,2021-04-22,18618,1098959,10749,597428,7869,463875,0,37656,7712,246928,10853,444091,7716,691019,California
San Bernardino,2021-04-23,16448,1115407,9580,607008,6866,470741,2,37658,7095,244717,9310,453401,7099,698118,California
San Bernardino,2021-04-24,10329,1125736,7719,614727,2608,473349,2,37660,5780,245967,4533,457934,5783,703901,California
San Bernardino,2021-04-25,2838,1128574,1806,616533,1032,474381,0,37660,1396,245931,1433,459367,1397,705298,California
San Bernardino,2021-04-26,8500,1137074,4580,621113,3847,478228,73,37733,3759,245048,4716,464083,3833,709131,California
San Bernardino,2021-04-27,8681,1145755,5873,626986,2742,480970,66,37799,3211,242881,5444,469527,3277,712408,California
San Diego,2020-12-15,119,119,119,119,0,0,0,0,119,119,0,0,119,119,California
San Diego,2020-12-16,1102,1221,1102,1221,0,0,0,0,1102,1221,0,0,1102,1221,California
San Diego,2020-12-17,2349,3570,2349,3570,0,0,0,0,2349,3570,0,0,2349,3570,California
San Diego,2020-12-18,3671,7241,3670,7240,1,1,0,0,3671,7241,0,0,3671,7241,California
San Diego,2020-12-19,2309,9550,2309,9549,0,1,0,0,2309,9550,0,0,2309,9550,California
San Diego,2020-12-20,1183,10733,1182,10731,1,2,0,0,1183,10733,0,0,1183,10733,California
San Diego,2020-12-21,3522,14255,3521,14252,1,3,0,0,3522,14255,0,0,3522,14255,California
San Diego,2020-12-22,4056,18311,3413,17665,643,646,0,0,4056,18311,0,0,4056,18311,California
San Diego,2020-12-23,3178,21489,1976,19641,1202,1848,0,0,3178,21489,0,0,3178,21489,California
San Diego,2020-12-24,2736,24225,2219,21860,517,2365,0,0,2736,24225,0,0,2736,24225,California
San Diego,2020-12-25,874,25099,873,22733,1,2366,0,0,874,25099,0,0,874,25099,California
San Diego,2020-12-26,3294,28393,2143,24876,1151,3517,0,0,3294,28393,0,0,3294,28393,California
San Diego,2020-12-27,2508,30901,1617,26493,891,4408,0,0,2507,30899,1,1,2507,30900,California
San Diego,2020-12-28,5900,36801,4212,30705,1688,6096,0,0,5900,36799,0,1,5900,36800,California
San Diego,2020-12-29,5590,42391,3014,33719,2576,8672,0,0,5590,42389,0,1,5590,42390,California
San Diego,2020-12-30,5944,48335,3100,36819,2844,11516,0,0,5944,48333,0,1,5944,48334,California
San Diego,2020-12-31,2987,51322,1004,37823,1983,13499,0,0,2987,51320,0,1,2987,51321,California
San Diego,2021-01-01,1006,52328,452,38275,554,14053,0,0,1005,52325,0,1,1005,52326,California
San Diego,2021-01-02,3762,56090,1321,39596,2441,16494,0,0,3762,56087,0,1,3762,56088,California
San Diego,2021-01-03,859,56949,632,40228,227,16721,0,0,858,56945,0,1,858,56946,California
San Diego,2021-01-04,3703,60652,2052,42280,1651,18372,0,0,3696,60641,0,1,3696,60642,California
San Diego,2021-01-05,4310,64962,2122,44402,2188,20560,0,0,3693,63733,613,614,3705,64347,California
San Diego,2021-01-06,4946,69908,2299,46701,2647,23207,0,0,3711,66236,1212,1826,3715,68062,California
San Diego,2021-01-07,5608,75516,2981,49682,2627,25834,0,0,3452,67545,2149,3975,3458,71520,California
San Diego,2021-01-08,7721,83237,4958,54640,2763,28597,0,0,3935,67727,3769,7744,3951,75471,California
San Diego,2021-01-09,2956,86193,1554,56194,1402,29999,0,0,1788,68365,1158,8902,1796,77267,California
San Diego,2021-01-10,1882,88075,1293,57487,589,30588,0,0,779,68062,1091,9993,788,78055,California
San Diego,2021-01-11,10327,98402,5858,63345,4469,35057,0,0,6802,71361,3518,13511,6817,84872,California
San Diego,2021-01-12,11204,109606,5316,68661,5888,40945,0,0,7831,75941,3364,16875,7944,92816,California
San Diego,2021-01-13,11478,121084,5025,73686,6453,47398,0,0,8933,82365,2532,19407,8956,101772,California
San Diego,2021-01-14,12367,133451,4753,78439,7614,55012,0,0,10199,90439,2159,21566,10233,112005,California
San Diego,2021-01-15,15123,148574,5354,83793,9769,64781,0,0,12481,100349,2623,24189,12533,124538,California
San Diego,2021-01-16,10768,159342,3595,87388,7173,71954,0,0,9322,108261,1441,25630,9353,133891,California
San Diego,2021-01-17,8682,168024,2499,89887,6183,78137,0,0,7843,115284,839,26469,7862,141753,California
San Diego,2021-01-18,12500,180524,5941,95828,6559,84696,0,0,9671,122218,2790,29259,9724,151477,California
San Diego,2021-01-19,14751,195275,5823,101651,8928,93624,0,0,11624,130987,3113,32372,11882,163359,California
San Diego,2021-01-20,18325,213600,6384,108035,11941,105565,0,0,15036,142923,3270,35642,15206,178565,California
San Diego,2021-01-21,17403,231003,5898,113933,11505,117070,0,0,16011,157701,1381,37023,16159,194724,California
San Diego,2021-01-22,17677,248680,4753,118686,12924,129994,0,0,15623,171380,2041,39064,15720,210444,California
San Diego,2021-01-23,14478,263158,5271,123957,9207,139201,0,0,12118,181205,2347,41411,12172,222616,California
San Diego,2021-01-24,11916,275074,3360,127317,8556,147757,0,0,10940,191206,974,42385,10975,233591,California
San Diego,2021-01-25,12223,287297,5751,133068,6472,154229,0,0,9211,197564,3005,45390,9363,242954,California
San Diego,2021-01-26,14944,302241,7646,140714,7298,161527,0,0,11671,206151,3268,48658,11855,254809,California
San Diego,2021-01-27,20763,323004,8128,148842,12635,174162,0,0,17674,220889,3075,51733,17813,272622,California
San Diego,2021-01-28,21304,344308,7647,156489,13657,187819,0,0,19039,237752,2255,53988,19118,291740,California
San Diego,2021-01-29,19704,364012,6461,162950,13243,201062,0,0,17279,252662,2415,56403,17325,309065,California
San Diego,2021-01-30,15902,379914,3667,166617,12235,213297,0,0,13223,263314,2669,59072,13321,322386,California
San Diego,2021-01-31,14794,394708,5754,172371,9040,222337,0,0,14437,277424,353,59425,14463,336849,California
San Diego,2021-02-01,20522,415230,7232,179603,13290,235627,0,0,17332,291657,3176,62601,17409,354258,California
San Diego,2021-02-02,23198,438428,8689,188292,14509,250136,0,0,19669,307973,3519,66120,19835,374093,California
San Diego,2021-02-03,27450,465878,11561,199853,15889,266025,0,0,23275,327271,4157,70277,23455,397548,California
San Diego,2021-02-04,24380,490258,10029,209882,14351,280376,0,0,19678,342546,4685,74962,19960,417508,California
San Diego,2021-02-05,25025,515283,8987,218869,16038,296414,0,0,18481,354996,6521,81483,18971,436479,California
San Diego,2021-02-06,20794,536077,8569,227438,12225,308639,0,0,17599,369629,3189,84672,17822,454301,California
San Diego,2021-02-07,12130,548207,5375,232813,6755,315394,0,0,10265,378301,1845,86517,10517,464818,California
San Diego,2021-02-08,20105,568312,8519,241332,11586,326980,0,0,12690,384280,7398,93915,13377,478195,California
San Diego,2021-02-09,20396,588708,8238,249570,12158,339138,0,0,13197,391366,7179,101094,14265,492460,California
San Diego,2021-02-10,22984,611692,9359,258929,13625,352763,0,0,13885,397551,9055,110149,15240,507700,California
San Diego,2021-02-11,23782,635474,10142,269071,13640,366403,0,0,12738,400947,11017,121166,14413,522113,California
San Diego,2021-02-12,23844,659318,7460,276531,16384,382787,0,0,11920,403216,11906,133072,14175,536288,California
San Diego,2021-02-13,20020,679338,9014,285545,11006,393793,0,0,10895,406188,9118,142190,12090,548378,California
San Diego,2021-02-14,11187,690525,7431,292976,3756,397549,0,0,6335,409325,4848,147038,7985,556363,California
San Diego,2021-02-15,15192,705717,7683,300659,7509,405058,0,0,7847,412982,7326,154364,10983,567346,California
San Diego,2021-02-16,19282,724999,11252,311911,8030,413088,0,0,9234,415523,10037,164401,12578,579924,California
San Diego,2021-02-17,23399,748398,10985,322896,12414,425502,0,0,8145,411985,15243,179644,11705,591629,California
San Diego,2021-02-18,23573,771971,12021,334917,11552,437054,0,0,7793,408614,15772,195416,12401,604030,California
San Diego,2021-02-19,15910,787881,10921,345838,4989,442043,0,0,6632,408084,9259,204675,8729,612759,California
San Diego,2021-02-20,10260,798141,6362,352200,3898,445941,0,0,5819,411702,4438,209113,8056,620815,California
San Diego,2021-02-21,11528,809669,10117,362317,1411,447352,0,0,5201,412890,6300,215413,7488,628303,California
San Diego,2021-02-22,12445,822114,10584,372901,1861,449213,0,0,5802,414503,6636,222049,8249,636552,California
San Diego,2021-02-23,25901,848015,14524,387425,11377,460590,0,0,9665,414850,16230,238279,16577,653129,California
San Diego,2021-02-24,28951,876966,12761,400186,16190,476780,0,0,6867,408195,22066,260345,15411,668540,California
San Diego,2021-02-25,33187,910153,14711,414897,18476,495256,0,0,10172,404732,22997,283342,19534,688074,California
San Diego,2021-02-26,33461,943614,12394,427291,21067,516323,0,0,12150,402774,21285,304627,19327,707401,California
San Diego,2021-02-27,21245,964859,9677,436968,11568,527891,0,0,11456,408892,9785,314412,15903,723304,California
San Diego,2021-02-28,15246,980105,9945,446913,5301,533192,0,0,9500,416418,5745,320157,13271,736575,California
San Diego,2021-03-01,24164,1004269,14240,461153,9923,543115,1,1,14679,426448,9411,329568,19441,756016,California
San Diego,2021-03-02,26079,1030348,13995,475148,12084,555199,0,1,12729,433523,13343,342911,20418,776434,California
San Diego,2021-03-03,33954,1064302,15882,491030,18069,573268,3,4,14061,435560,19878,362789,21915,798349,California
San Diego,2021-03-04,28280,1092582,14067,505097,14213,587481,0,4,12647,439931,15614,378403,19985,818334,California
San Diego,2021-03-05,28918,1121500,14821,519918,14015,601496,82,86,13494,445188,15410,393813,20667,839001,California
San Diego,2021-03-06,23364,1144864,9525,529443,13137,614633,702,788,10302,448381,13049,406862,16242,855243,California
San Diego,2021-03-07,18199,1163063,9295,538738,8334,622967,570,1358,6909,449153,11284,418146,12056,867299,California
San Diego,2021-03-08,23036,1186099,11166,549904,10971,633938,899,2257,11433,454815,11592,429738,17254,884553,California
San Diego,2021-03-09,25849,1211948,11940,561844,12154,646092,1755,4012,10106,456550,15732,445470,17467,902020,California
San Diego,2021-03-10,25257,1237205,10731,572575,12133,658225,2393,6405,9877,458878,15369,460839,17697,919717,California
San Diego,2021-03-11,28668,1265873,10997,583572,14073,672298,3598,10003,10015,459019,18635,479474,18776,938493,California
San Diego,2021-03-12,27064,1292937,9448,593020,14482,686780,3134,13137,9963,458560,17087,496561,16628,955121,California
San Diego,2021-03-13,25976,1318913,7298,600318,17074,703854,1604,14741,10075,458532,15898,512459,15870,970991,California
San Diego,2021-03-14,13704,1332617,5358,605676,7610,711464,736,15477,4787,457570,8910,521369,7948,978939,California
San Diego,2021-03-15,22006,1354623,10155,615831,11073,722537,778,16255,9046,457573,12943,534312,12946,991885,California
San Diego,2021-03-16,29892,1384515,15697,631528,13782,736319,413,16668,15650,463131,14218,548530,19776,1011661,California
San Diego,2021-03-17,26240,1410755,12147,643675,13384,749703,709,17377,16717,473537,9511,558041,19917,1031578,California
San Diego,2021-03-18,31373,1442128,17695,661370,12783,762486,895,18272,16928,479554,14411,572452,20428,1052006,California
San Diego,2021-03-19,30163,1472291,14293,675663,14893,777379,977,19249,19290,490693,10857,583309,21996,1074002,California
San Diego,2021-03-20,27787,1500078,8365,684028,17631,795010,1791,21040,21368,509054,6410,589719,24771,1098773,California
San Diego,2021-03-21,16482,1516560,12006,696034,3760,798770,716,21756,7682,511385,8788,598507,11119,1109892,California
San Diego,2021-03-22,22454,1539014,13093,709127,9120,807890,241,21997,14305,521100,8138,606645,17853,1127745,California
San Diego,2021-03-23,25937,1564951,13603,722730,12074,819964,260,22257,17144,531998,8779,615424,19677,1147422,California
San Diego,2021-03-24,29474,1594425,19701,742431,9409,829373,364,22621,17080,540301,12385,627809,20688,1168110,California
San Diego,2021-03-25,30282,1624707,18200,760631,11425,840798,657,23278,17986,548810,12281,640090,20790,1188900,California
San Diego,2021-03-26,32098,1656805,17863,778494,13679,854477,556,23834,17575,555429,14496,654586,21115,1210015,California
San Diego,2021-03-27,25451,1682256,10976,789470,14082,868559,393,24227,15732,564118,9703,664289,18392,1228407,California
San Diego,2021-03-28,15033,1697289,9170,798640,5807,874366,56,24283,9285,569193,5741,670030,10816,1239223,California
San Diego,2021-03-29,26590,1723879,12844,811484,13149,887515,597,24880,16414,578467,10167,680197,19441,1258664,California
San Diego,2021-03-30,33201,1757080,17870,829354,14560,902075,771,25651,22048,591997,11140,691337,24670,1283334,California
San Diego,2021-03-31,30246,1787326,18722,848076,10885,912960,639,26290,20555,604645,9673,701010,22321,1305655,California
San Diego,2021-04-01,34116,1821442,20113,868189,12651,925611,1352,27642,23198,619641,10891,711901,25887,1331542,California
San Diego,2021-04-02,35502,1856944,20671,888860,12255,937866,2576,30218,24160,636452,11324,723225,28135,1359677,California
San Diego,2021-04-03,30720,1887664,14483,903343,11761,949627,4476,34694,19742,651144,10965,734190,25657,1385334,California
San Diego,2021-04-04,8912,1896576,5089,908432,2924,952551,899,35593,4715,652825,4192,738382,5873,1391207,California
San Diego,2021-04-05,29668,1926244,15440,923872,11681,964232,2547,38140,19462,667378,10193,748575,24746,1415953,California
San Diego,2021-04-06,38545,1964789,20380,944252,12396,976628,5769,43909,22383,682061,16146,764721,30829,1446782,California
San Diego,2021-04-07,35467,2000256,21898,966150,9147,985775,4422,48331,20315,694085,15128,779849,27152,1473934,California
San Diego,2021-04-08,34901,2035157,21259,987409,9652,995427,3990,52321,21244,708306,13637,793486,27858,1501792,California
San Diego,2021-04-09,37939,2073096,22714,1010123,10228,1005655,4997,57318,20726,720586,17146,810632,29426,1531218,California
San Diego,2021-04-10,28500,2101596,11704,1021827,12866,1018521,3930,61248,14626,728486,13862,824494,21762,1552980,California
San Diego,2021-04-11,16102,2117698,9986,1031813,3855,1022376,2261,63509,7227,732762,8872,833366,13148,1566128,California
San Diego,2021-04-12,30511,2148209,12774,1044587,13444,1035820,4293,67802,17027,744260,13469,846835,24967,1591095,California
San Diego,2021-04-13,37066,2185275,17681,1062268,19350,1055170,35,67837,24734,760436,12315,859150,28491,1619586,California
San Diego,2021-04-14,32758,2218033,18764,1081032,13983,1069153,11,67848,17737,769212,15007,874157,23783,1643369,California
San Diego,2021-04-15,38947,2256980,20223,1101255,18722,1087875,2,67850,23635,782211,15286,889443,28285,1671654,California
San Diego,2021-04-16,33199,2290179,18483,1119738,14715,1102590,1,67851,19211,790389,13920,903363,22098,1693752,California
San Diego,2021-04-17,27610,2317789,13472,1133210,14138,1116728,0,67851,12250,791203,15261,918624,16075,1709827,California
San Diego,2021-04-18,14228,2332017,8882,1142092,5343,1122071,3,67854,6676,793941,7544,926168,10282,1720109,California
San Diego,2021-04-19,26271,2358288,13413,1155505,12857,1134928,1,67855,12487,795655,13769,939937,15483,1735592,California
San Diego,2021-04-20,38387,2396675,17251,1172756,21136,1156064,0,67855,19702,802248,18666,958603,25259,1760851,California
San Diego,2021-04-21,34755,2431430,20748,1193504,14007,1170071,0,67855,16838,807160,17888,976491,22800,1783651,California
San Diego,2021-04-22,44227,2475657,22608,1216112,21613,1191684,6,67861,21996,814167,22193,998684,29200,1812851,California
San Diego,2021-04-23,41924,2517581,25863,1241975,16059,1207743,2,67863,15488,813937,26409,1025093,26179,1839030,California
San Diego,2021-04-24,34174,2551755,18640,1260615,15523,1223266,11,67874,15358,817969,18786,1043879,22818,1861848,California
San Diego,2021-04-25,12091,2563846,7334,1267949,4757,1228023,0,67874,5731,819701,6355,1050234,8087,1869935,California
San Diego,2021-04-26,29419,2593265,14296,1282245,15031,1243054,92,67966,9794,818583,19619,1069853,18501,1888436,California
San Diego,2021-04-27,23193,2616458,13177,1295422,9889,1252943,127,68093,9295,820709,13889,1083742,16015,1904451,California
San Francisco,2020-12-15,7,7,7,7,0,0,0,0,7,7,0,0,7,7,California
San Francisco,2020-12-16,229,236,229,236,0,0,0,0,229,236,0,0,229,236,California
San Francisco,2020-12-17,394,630,394,630,0,0,0,0,394,630,0,0,394,630,California
San Francisco,2020-12-18,877,1507,876,1506,1,1,0,0,877,1507,0,0,877,1507,California
San Francisco,2020-12-19,601,2108,601,2107,0,1,0,0,601,2108,0,0,601,2108,California
San Francisco,2020-12-20,483,2591,483,2590,0,1,0,0,483,2591,0,0,483,2591,California
San Francisco,2020-12-21,1162,3753,1162,3752,0,1,0,0,1162,3753,0,0,1162,3753,California
San Francisco,2020-12-22,1399,5152,1365,5117,34,35,0,0,1399,5152,0,0,1399,5152,California
San Francisco,2020-12-23,1333,6485,1043,6160,290,325,0,0,1333,6485,0,0,1333,6485,California
San Francisco,2020-12-24,840,7325,503,6663,337,662,0,0,840,7325,0,0,840,7325,California
San Francisco,2020-12-25,34,7359,29,6692,5,667,0,0,34,7359,0,0,34,7359,California
San Francisco,2020-12-26,245,7604,151,6843,94,761,0,0,245,7604,0,0,245,7604,California
San Francisco,2020-12-27,273,7877,60,6903,213,974,0,0,273,7877,0,0,273,7877,California
San Francisco,2020-12-28,1269,9146,685,7588,584,1558,0,0,1269,9146,0,0,1269,9146,California
San Francisco,2020-12-29,1242,10388,621,8209,621,2179,0,0,1242,10388,0,0,1242,10388,California
San Francisco,2020-12-30,1486,11874,780,8989,706,2885,0,0,1486,11874,0,0,1486,11874,California
San Francisco,2020-12-31,963,12837,411,9400,552,3437,0,0,962,12836,0,0,962,12836,California
San Francisco,2021-01-01,78,12915,66,9466,12,3449,0,0,78,12914,0,0,78,12914,California
San Francisco,2021-01-02,335,13250,303,9769,32,3481,0,0,335,13249,0,0,335,13249,California
San Francisco,2021-01-03,293,13543,101,9870,192,3673,0,0,292,13540,1,1,292,13541,California
San Francisco,2021-01-04,1839,15382,1358,11228,481,4154,0,0,1836,15373,3,4,1836,15377,California
San Francisco,2021-01-05,2235,17617,1415,12643,820,4974,0,0,2200,17540,35,39,2202,17579,California
San Francisco,2021-01-06,1868,19485,1161,13804,707,5681,0,0,1603,18881,263,302,1604,19183,California
San Francisco,2021-01-07,2060,21545,1202,15006,858,6539,0,0,1604,20032,453,755,1604,20787,California
San Francisco,2021-01-08,2328,23873,1630,16636,698,7237,0,0,1492,20693,831,1586,1492,22279,California
San Francisco,2021-01-09,1387,25260,892,17528,495,7732,0,0,883,21074,504,2090,885,23164,California
San Francisco,2021-01-10,920,26180,542,18070,378,8110,0,0,460,21075,459,2549,460,23624,California
San Francisco,2021-01-11,2501,28681,1870,19940,631,8741,0,0,1402,21377,1100,3649,1402,25026,California
San Francisco,2021-01-12,3085,31766,2056,21996,1029,9770,0,0,1894,22081,1191,4840,1895,26921,California
San Francisco,2021-01-13,2818,34584,1598,23594,1220,10990,0,0,1989,23241,829,5669,1989,28910,California
San Francisco,2021-01-14,2435,37019,1097,24691,1338,12328,0,0,1875,24556,560,6229,1875,30785,California
San Francisco,2021-01-15,2740,39759,1145,25836,1595,13923,0,0,2349,26518,389,6618,2351,33136,California
San Francisco,2021-01-16,2249,42008,963,26799,1286,15209,0,0,2084,28438,165,6783,2085,35221,California
San Francisco,2021-01-17,1919,43927,533,27332,1386,16595,0,0,1704,29927,215,6998,1704,36925,California
San Francisco,2021-01-18,1371,45298,587,27919,784,17379,0,0,1109,30777,261,7259,1111,38036,California
San Francisco,2021-01-19,2571,47869,1473,29392,1098,18477,0,0,1825,31857,746,8005,1826,39862,California
San Francisco,2021-01-20,2703,50572,1084,30476,1619,20096,0,0,1955,33068,745,8750,1956,41818,California
San Francisco,2021-01-21,3291,53863,929,31405,2362,22458,0,0,2471,34721,818,9568,2471,44289,California
San Francisco,2021-01-22,3172,57035,634,32039,2538,24996,0,0,2730,37011,440,10008,2730,47019,California
San Francisco,2021-01-23,3090,60125,609,32648,2481,27477,0,0,2723,39369,366,10374,2724,49743,California
San Francisco,2021-01-24,2424,62549,361,33009,2063,29540,0,0,2196,41340,225,10599,2196,51939,California
San Francisco,2021-01-25,4579,67128,1779,34788,2800,32340,0,0,3031,42826,1546,12145,3032,54971,California
San Francisco,2021-01-26,4663,71791,2135,36923,2528,34868,0,0,3073,44314,1587,13732,3075,58046,California
San Francisco,2021-01-27,4421,76212,2072,38995,2349,37217,0,0,3074,46045,1343,15075,3074,61120,California
San Francisco,2021-01-28,3751,79963,1552,40547,2199,39416,0,0,2590,47479,1156,16231,2590,63710,California
San Francisco,2021-01-29,4714,84677,1678,42225,3036,42452,0,0,3448,49668,1259,17490,3448,67158,California
San Francisco,2021-01-30,3772,88449,1841,44066,1931,44383,0,0,3325,52550,446,17936,3328,70486,California
San Francisco,2021-01-31,2351,90800,823,44889,1528,45911,0,0,2200,54601,150,18086,2201,72687,California
San Francisco,2021-02-01,3782,94582,1521,46410,2261,48172,0,0,2882,56584,900,18986,2883,75570,California
San Francisco,2021-02-02,4642,99224,1962,48372,2680,50852,0,0,2878,57704,1758,20744,2878,78448,California
San Francisco,2021-02-03,5055,104279,2370,50742,2685,53537,0,0,3753,60159,1299,22043,3754,82202,California
San Francisco,2021-02-04,5016,109295,2431,53173,2585,56122,0,0,3855,62855,1159,23202,3855,86057,California
San Francisco,2021-02-05,5920,115215,3192,56365,2728,58850,0,0,4582,66103,1335,24537,4583,90640,California
San Francisco,2021-02-06,5467,120682,3647,60012,1820,60670,0,0,4569,69777,896,25433,4570,95210,California
San Francisco,2021-02-07,4324,125006,3173,63185,1151,61821,0,0,3747,72951,576,26009,3750,98960,California
San Francisco,2021-02-08,6693,131699,4609,67794,2084,63905,0,0,5484,77245,1192,27201,5486,104446,California
San Francisco,2021-02-09,5913,137612,3983,71777,1930,65835,0,0,4362,80060,1548,28749,4363,108809,California
San Francisco,2021-02-10,6855,144467,4173,75950,2682,68517,0,0,5091,83398,1756,30505,5094,113903,California
San Francisco,2021-02-11,6700,151167,3973,79923,2727,71244,0,0,4891,86484,1806,32311,4892,118795,California
San Francisco,2021-02-12,5306,156473,2664,82587,2642,73886,0,0,3477,88133,1828,34139,3477,122272,California
San Francisco,2021-02-13,4356,160829,2547,85134,1809,75695,0,0,3033,89845,1323,35462,3035,125307,California
San Francisco,2021-02-14,3412,164241,2239,87373,1173,76868,0,0,2289,91013,1122,36584,2290,127597,California
San Francisco,2021-02-15,2769,167010,1505,88878,1264,78132,0,0,1676,91598,1091,37675,1676,129273,California
San Francisco,2021-02-16,4979,171989,2722,91600,2257,80389,0,0,2950,92532,2022,39697,2956,132229,California
San Francisco,2021-02-17,5395,177384,2678,94278,2717,83106,0,0,2960,93068,2426,42123,2962,135191,California
San Francisco,2021-02-18,5370,182754,2628,96906,2742,85848,0,0,2808,93317,2562,44685,2811,138002,California
San Francisco,2021-02-19,5628,188382,2644,99550,2984,88832,0,0,2928,93553,2694,47379,2930,140932,California
San Francisco,2021-02-20,4515,192897,2179,101729,2336,91168,0,0,1700,92447,2807,50186,1701,142633,California
San Francisco,2021-02-21,2736,195633,1367,103096,1369,92537,0,0,1140,91996,1592,51778,1141,143774,California
San Francisco,2021-02-22,5094,200727,3172,106268,1922,94459,0,0,2562,92036,2524,54302,2564,146338,California
San Francisco,2021-02-23,5447,206174,3081,109349,2366,96825,0,0,2757,92109,2684,56986,2757,149095,California
San Francisco,2021-02-24,8961,215135,5073,114422,3888,100713,0,0,4778,92714,4174,61160,4779,153874,California
San Francisco,2021-02-25,9747,224882,6849,121271,2898,103611,0,0,6292,95556,3452,64612,6294,160168,California
San Francisco,2021-02-26,11894,236776,7718,128989,4176,107787,0,0,7046,97753,4850,69462,7047,167215,California
San Francisco,2021-02-27,8894,245670,5659,134648,3234,111021,1,1,4505,97884,4376,73838,4507,171722,California
San Francisco,2021-02-28,7704,253374,5526,140174,2178,113199,0,1,3828,97839,3874,77712,3829,175551,California
San Francisco,2021-03-01,10663,264037,7156,147330,3505,116704,2,3,5153,97505,5492,83204,5158,180709,California
San Francisco,2021-03-02,8844,272881,5642,152972,3202,119906,0,3,5125,98920,3711,86915,5126,185835,California
San Francisco,2021-03-03,10970,283851,6285,159257,4684,124590,1,4,5981,99928,4977,91892,5985,191820,California
San Francisco,2021-03-04,8617,292468,5419,164676,3198,127788,0,4,4851,101019,3760,95652,4851,196671,California
San Francisco,2021-03-05,8658,301126,5124,169800,3531,131319,3,7,5440,103261,3202,98854,5444,202115,California
San Francisco,2021-03-06,6859,307985,4414,174214,2238,133557,207,214,4208,105010,2663,101517,4412,206527,California
San Francisco,2021-03-07,5117,313102,3973,178187,1087,134644,57,271,2879,105694,2252,103769,2936,209463,California
San Francisco,2021-03-08,7121,320223,5152,183339,1783,136427,186,457,5572,109871,1581,105350,5758,215221,California
San Francisco,2021-03-09,6697,326920,3927,187266,2396,138823,374,831,4570,112677,2134,107484,4940,220161,California
San Francisco,2021-03-10,10374,337294,5868,193134,4009,142832,497,1328,6340,115501,4015,111499,6839,227000,California
San Francisco,2021-03-11,10021,347315,6339,199473,2723,145555,959,2287,6578,119604,3427,114926,7530,234530,California
San Francisco,2021-03-12,10696,358011,6236,205709,3153,148708,1307,3594,5943,122122,4729,119655,7247,241777,California
San Francisco,2021-03-13,6570,364581,3836,209545,1684,150392,1050,4644,4072,124753,2490,122145,5121,246898,California
San Francisco,2021-03-14,7478,372059,4841,214386,2401,152793,236,4880,4037,125597,3429,125574,4273,251171,California
San Francisco,2021-03-15,11901,383960,9078,223464,1891,154684,932,5812,8242,131118,3646,129220,9167,260338,California
San Francisco,2021-03-16,12025,395985,8161,231625,3407,158091,457,6269,8746,137056,3264,132484,9202,269540,California
San Francisco,2021-03-17,13143,409128,8116,239741,4485,162576,542,6811,9498,143473,3619,136103,10036,279576,California
San Francisco,2021-03-18,9945,419073,6730,246471,2594,165170,621,7432,5660,145491,4260,140363,6278,285854,California
San Francisco,2021-03-19,12006,431079,8691,255162,2852,168022,463,7895,6391,146750,5591,145954,6850,292704,California
San Francisco,2021-03-20,8690,439769,6372,261534,1859,169881,459,8354,5180,148908,3482,149436,5640,298344,California
San Francisco,2021-03-21,6444,446213,5893,267427,417,170298,134,8488,3682,149974,2750,152186,3816,302160,California
San Francisco,2021-03-22,9675,455888,6799,274226,2035,172333,841,9329,5093,151344,4560,156746,5930,308090,California
San Francisco,2021-03-23,11117,467005,7344,281570,3127,175460,646,9975,6696,154292,4391,161137,7339,315429,California
San Francisco,2021-03-24,12235,479240,9380,290950,2320,177780,535,10510,6326,155279,5871,167008,6858,322287,California
San Francisco,2021-03-25,11760,491000,8631,299581,2567,180347,562,11072,5887,155915,5809,172817,6445,328732,California
San Francisco,2021-03-26,11830,502830,8181,307762,3419,183766,230,11302,6109,156561,5690,178507,6336,335068,California
San Francisco,2021-03-27,8606,511436,5737,313499,2524,186290,345,11647,3908,156133,4680,183187,4252,339320,California
San Francisco,2021-03-28,6569,518005,5239,318738,1288,187578,42,11689,3163,155952,3383,186570,3202,342522,California
San Francisco,2021-03-29,11358,529363,7859,326597,3316,190894,183,11872,5134,155069,6199,192769,5316,347838,California
San Francisco,2021-03-30,11486,540849,7171,333768,4025,194919,290,12162,6883,157663,4578,197347,7172,355010,California
San Francisco,2021-03-31,12086,552935,8022,341790,3769,198688,295,12457,5582,157060,6475,203822,5872,360882,California
San Francisco,2021-04-01,13662,566597,7263,349053,4765,203453,1634,14091,5943,156943,7691,211513,7574,368456,California
San Francisco,2021-04-02,14569,581166,6418,355471,6343,209796,1808,15899,6868,157933,7683,219196,8673,377129,California
San Francisco,2021-04-03,10363,591529,4766,360237,3811,213607,1786,17685,4797,158959,5554,224750,6580,383709,California
San Francisco,2021-04-04,8983,600512,4749,364986,2582,216189,1652,19337,3609,158859,5362,230112,5262,388971,California
San Francisco,2021-04-05,15882,616394,9730,374716,4278,220467,1874,21211,6360,157590,9501,239613,8232,397203,California
San Francisco,2021-04-06,15914,632308,9424,384140,4437,224904,2053,23264,6248,156239,9647,249260,8296,405499,California
San Francisco,2021-04-07,16609,648917,9960,394100,4433,229337,2216,25480,6969,155790,9621,258881,9172,414671,California
San Francisco,2021-04-08,14026,662943,6691,400791,2961,232298,4374,29854,4622,155392,9377,268258,8979,423650,California
San Francisco,2021-04-09,15674,678617,7584,408375,4757,237055,3333,33187,6690,156445,8956,277214,10009,433659,California
San Francisco,2021-04-10,13050,691667,5655,414030,5776,242831,1619,34806,7099,159229,5927,283141,8711,442370,California
San Francisco,2021-04-11,9957,701624,7452,421482,1337,244168,1168,35974,5194,160837,4752,287893,6360,448730,California
San Francisco,2021-04-12,10549,712173,6868,428350,2555,246723,1126,37100,4879,161193,5646,293539,6002,454732,California
San Francisco,2021-04-13,10653,722826,7259,435609,3383,250106,11,37111,5422,161420,5209,298748,5436,460168,California
San Francisco,2021-04-14,13252,736078,7990,443599,5261,255367,1,37112,6448,161096,6773,305521,6449,466617,California
San Francisco,2021-04-15,13559,749637,9402,453001,4156,259523,1,37113,8009,163586,5524,311045,8014,474631,California
San Francisco,2021-04-16,12902,762539,8674,461675,4185,263708,43,37156,7667,166094,5208,316253,7716,482347,California
San Francisco,2021-04-17,9913,772452,7237,468912,2676,266384,0,37156,7012,170222,2887,319140,7015,489362,California
San Francisco,2021-04-18,6545,778997,4999,473911,1545,267929,1,37157,4061,171821,2465,321605,4064,493426,California
San Francisco,2021-04-19,10771,789768,8097,482008,2669,270598,5,37162,6960,175000,3796,325401,6975,500401,California
San Francisco,2021-04-20,12217,801985,7112,489120,5104,275702,1,37163,8456,179717,3742,329143,8459,508860,California
San Francisco,2021-04-21,10522,812507,7542,496662,2976,278678,4,37167,6480,182187,4017,333160,6487,515347,California
San Francisco,2021-04-22,10505,823012,7806,504468,2699,281377,0,37167,6152,184014,4331,337491,6158,521505,California
San Francisco,2021-04-23,9767,832779,5715,510183,4052,285429,0,37167,5839,185959,3899,341390,5844,527349,California
San Francisco,2021-04-24,6327,839106,4301,514484,2026,287455,0,37167,3853,187371,2455,343845,3867,531216,California
San Francisco,2021-04-25,3963,843069,3480,517964,481,287936,2,37169,2514,188448,1443,345288,2520,533736,California
San Francisco,2021-04-26,6358,849427,4466,522430,1886,289822,6,37175,3203,188529,3137,348425,3218,536954,California
San Francisco,2021-04-27,4868,854295,3246,525676,1613,291435,9,37184,2291,188276,2559,350984,2306,539260,California
San Joaquin,2020-12-15,12,12,12,12,0,0,0,0,12,12,0,0,12,12,California
San Joaquin,2020-12-16,305,317,305,317,0,0,0,0,305,317,0,0,305,317,California
San Joaquin,2020-12-17,311,628,311,628,0,0,0,0,311,628,0,0,311,628,California
San Joaquin,2020-12-18,519,1147,515,1143,4,4,0,0,519,1147,0,0,519,1147,California
San Joaquin,2020-12-19,189,1336,189,1332,0,4,0,0,189,1336,0,0,189,1336,California
San Joaquin,2020-12-20,112,1448,111,1443,1,5,0,0,112,1448,0,0,112,1448,California
San Joaquin,2020-12-21,497,1945,496,1939,1,6,0,0,497,1945,0,0,497,1945,California
San Joaquin,2020-12-22,963,2908,843,2782,120,126,0,0,962,2907,0,0,962,2907,California
San Joaquin,2020-12-23,956,3864,898,3680,58,184,0,0,954,3861,0,0,954,3861,California
San Joaquin,2020-12-24,214,4078,186,3866,28,212,0,0,213,4074,0,0,213,4074,California
San Joaquin,2020-12-25,14,4092,14,3880,0,212,0,0,14,4088,0,0,14,4088,California
San Joaquin,2020-12-26,101,4193,29,3909,72,284,0,0,101,4189,0,0,101,4189,California
San Joaquin,2020-12-27,41,4234,29,3938,12,296,0,0,41,4230,0,0,41,4230,California
San Joaquin,2020-12-28,619,4853,419,4357,200,496,0,0,619,4849,0,0,619,4849,California
San Joaquin,2020-12-29,794,5647,668,5025,126,622,0,0,794,5643,0,0,794,5643,California
San Joaquin,2020-12-30,1004,6651,713,5738,291,913,0,0,1002,6645,0,0,1002,6645,California
San Joaquin,2020-12-31,451,7102,202,5940,249,1162,0,0,452,7097,0,0,452,7097,California
San Joaquin,2021-01-01,17,7119,10,5950,7,1169,0,0,17,7114,0,0,17,7114,California
San Joaquin,2021-01-02,261,7380,239,6189,22,1191,0,0,261,7375,0,0,261,7375,California
San Joaquin,2021-01-03,37,7417,19,6208,18,1209,0,0,36,7410,1,1,36,7411,California
San Joaquin,2021-01-04,470,7887,335,6543,135,1344,0,0,468,7877,1,2,468,7879,California
San Joaquin,2021-01-05,972,8859,643,7186,329,1673,0,0,805,8550,168,170,841,8720,California
San Joaquin,2021-01-06,1212,10071,700,7886,512,2185,0,0,911,9167,297,467,914,9634,California
San Joaquin,2021-01-07,1063,11134,667,8553,396,2581,0,0,776,9660,284,751,777,10411,California
San Joaquin,2021-01-08,1192,12326,817,9370,375,2956,0,0,710,9893,481,1232,714,11125,California
San Joaquin,2021-01-09,376,12702,300,9670,76,3032,0,0,247,10011,129,1361,247,11372,California
San Joaquin,2021-01-10,222,12924,114,9784,108,3140,0,0,170,10129,52,1413,170,11542,California
San Joaquin,2021-01-11,1514,14438,1311,11095,203,3343,0,0,855,10383,658,2071,912,12454,California
San Joaquin,2021-01-12,1416,15854,1014,12109,402,3745,0,0,651,10343,761,2832,721,13175,California
San Joaquin,2021-01-13,1459,17313,834,12943,625,4370,0,0,941,10772,517,3349,946,14121,California
San Joaquin,2021-01-14,1642,18955,871,13814,771,5141,0,0,1307,11779,315,3664,1322,15443,California
San Joaquin,2021-01-15,1590,20545,619,14433,971,6112,0,0,1378,12967,198,3862,1386,16829,California
San Joaquin,2021-01-16,1134,21679,191,14624,943,7055,0,0,1107,14048,26,3888,1107,17936,California
San Joaquin,2021-01-17,1610,23289,131,14755,1479,8534,0,0,1573,15586,37,3925,1575,19511,California
San Joaquin,2021-01-18,735,24024,237,14992,498,9032,0,0,616,16087,115,4040,616,20127,California
San Joaquin,2021-01-19,1849,25873,884,15876,965,9997,0,0,1171,16590,674,4714,1177,21304,California
San Joaquin,2021-01-20,2068,27941,1276,17152,792,10789,0,0,1424,17379,640,5354,1429,22733,California
San Joaquin,2021-01-21,1953,29894,883,18035,1070,11859,0,0,1562,18562,384,5738,1567,24300,California
San Joaquin,2021-01-22,1952,31846,911,18946,1041,12900,0,0,1809,20236,138,5876,1812,26112,California
San Joaquin,2021-01-23,888,32734,402,19348,486,13386,0,0,605,20562,282,6158,608,26720,California
San Joaquin,2021-01-24,337,33071,132,19480,205,13591,0,0,317,20861,18,6176,317,27037,California
San Joaquin,2021-01-25,1971,35042,1129,20609,842,14433,0,0,1415,21727,553,6729,1419,28456,California
San Joaquin,2021-01-26,2139,37181,1111,21720,1028,15461,0,0,1536,22666,601,7330,1540,29996,California
San Joaquin,2021-01-27,1714,38895,762,22482,952,16413,0,0,1228,23417,483,7813,1234,31230,California
San Joaquin,2021-01-28,2009,40904,751,23233,1258,17671,0,0,1374,24161,633,8446,1377,32607,California
San Joaquin,2021-01-29,2127,43031,1034,24267,1093,18764,0,0,1784,25614,338,8784,1791,34398,California
San Joaquin,2021-01-30,2152,45183,347,24614,1805,20569,0,0,1977,27420,173,8957,1979,36377,California
San Joaquin,2021-01-31,1553,46736,176,24790,1377,21946,0,0,1493,28858,56,9013,1494,37871,California
San Joaquin,2021-02-01,2479,49215,1308,26098,1171,23117,0,0,1750,29883,728,9741,1753,39624,California
San Joaquin,2021-02-02,2573,51788,1161,27259,1412,24529,0,0,1963,31299,551,10292,1967,41591,California
San Joaquin,2021-02-03,3042,54830,1203,28462,1839,26368,0,0,2185,32637,851,11143,2189,43780,California
San Joaquin,2021-02-04,3421,58251,1703,30165,1718,28086,0,0,2618,34460,797,11940,2620,46400,California
San Joaquin,2021-02-05,3202,61453,1853,32018,1349,29435,0,0,2348,35963,848,12788,2351,48751,California
San Joaquin,2021-02-06,1118,62571,786,32804,332,29767,0,0,944,36737,172,12960,946,49697,California
San Joaquin,2021-02-07,612,63183,486,33290,126,29893,0,0,411,36955,194,13154,412,50109,California
San Joaquin,2021-02-08,1767,64950,1029,34319,738,30631,0,0,1440,38092,306,13460,1443,51552,California
San Joaquin,2021-02-09,2082,67032,1132,35451,950,31581,0,0,1555,39191,457,13917,1556,53108,California
San Joaquin,2021-02-10,2546,69578,1251,36702,1295,32876,0,0,1333,39340,1184,15101,1333,54441,California
San Joaquin,2021-02-11,2914,72492,1496,38198,1418,34294,0,0,1705,39870,1180,16281,1710,56151,California
San Joaquin,2021-02-12,2791,75283,1120,39318,1671,35965,0,0,1582,40259,1197,17478,1586,57737,California
San Joaquin,2021-02-13,2103,77386,394,39712,1709,37674,0,0,844,39860,1249,18727,850,58587,California
San Joaquin,2021-02-14,1893,79279,259,39971,1634,39308,0,0,686,39362,1185,19912,687,59274,California
San Joaquin,2021-02-15,1964,81243,830,40801,1134,40442,0,0,1193,39815,744,20656,1197,60471,California
San Joaquin,2021-02-16,3136,84379,1366,42167,1770,42212,0,0,1742,40181,1382,22038,1748,62219,California
San Joaquin,2021-02-17,3251,87630,1259,43426,1992,44204,0,0,1855,40656,1384,23422,1859,64078,California
San Joaquin,2021-02-18,3308,90938,1362,44788,1946,46150,0,0,1890,41160,1393,24815,1897,65975,California
San Joaquin,2021-02-19,4148,95086,2310,47098,1838,47988,0,0,2367,41781,1747,26562,2368,68343,California
San Joaquin,2021-02-20,1529,96615,646,47744,883,48871,0,0,1056,42365,472,27034,1056,69399,California
San Joaquin,2021-02-21,630,97245,476,48220,154,49025,0,0,398,42535,229,27263,399,69798,California
San Joaquin,2021-02-22,3498,100743,2466,50686,1032,50057,0,0,2511,44094,957,28220,2516,72314,California
San Joaquin,2021-02-23,4241,104984,2567,53253,1674,51731,0,0,2610,45101,1607,29827,2614,74928,California
San Joaquin,2021-02-24,5651,110635,3359,56612,2292,54023,0,0,4078,47629,1554,31381,4082,79010,California
San Joaquin,2021-02-25,6257,116892,3863,60475,2394,56417,0,0,4042,49495,2186,33567,4052,83062,California
San Joaquin,2021-02-26,5388,122280,2831,63306,2557,58974,0,0,3718,51577,1644,35211,3726,86788,California
San Joaquin,2021-02-27,5406,127686,1606,64912,3800,62774,0,0,2595,51420,2766,37977,2609,89397,California
San Joaquin,2021-02-28,3033,130719,1087,65999,1946,64720,0,0,1994,52392,1025,39002,1997,91394,California
San Joaquin,2021-03-01,4039,134758,1773,67772,2266,66986,0,0,2283,52943,1741,40743,2292,93686,California
San Joaquin,2021-03-02,4138,138896,1649,69421,2489,69475,0,0,2595,54069,1526,42269,2652,96338,California
San Joaquin,2021-03-03,5670,144566,3389,72810,2279,71754,2,2,4085,56592,1564,43833,4087,100425,California
San Joaquin,2021-03-04,5627,150193,2229,75039,3395,75149,3,5,3681,58345,1936,45769,3689,104114,California
San Joaquin,2021-03-05,4380,154573,1856,76895,2522,77671,2,7,3024,60030,1344,47113,3029,107143,California
San Joaquin,2021-03-06,3270,157843,2159,79054,982,78653,129,136,2694,62282,574,47687,2826,109969,California
San Joaquin,2021-03-07,1198,159041,549,79603,604,79257,45,181,920,62972,262,47949,952,110921,California
San Joaquin,2021-03-08,3060,162101,1244,80847,1692,80949,124,305,2060,64164,991,48940,2183,113104,California
San Joaquin,2021-03-09,3942,166043,1772,82619,2044,82993,126,431,2610,65585,1318,50258,2739,115843,California
San Joaquin,2021-03-10,4606,170649,2442,85061,2026,85019,138,569,3395,67920,1198,51456,3533,119376,California
San Joaquin,2021-03-11,4888,175537,2313,87374,1981,87000,594,1163,2908,69458,1969,53425,3507,122883,California
San Joaquin,2021-03-12,6217,181754,3103,90477,2783,89783,331,1494,4137,71870,2062,55487,4474,127357,California
San Joaquin,2021-03-13,3043,184797,1438,91915,1478,91261,127,1621,2286,73540,749,56236,2419,129776,California
San Joaquin,2021-03-14,2148,186945,667,92582,1179,92440,302,1923,1037,73776,1107,57343,1343,131119,California
San Joaquin,2021-03-15,6009,192954,3459,96041,2148,94588,402,2325,3157,74515,2832,60175,3571,134690,California
San Joaquin,2021-03-16,6758,199712,3834,99875,2672,97260,252,2577,3997,76022,2750,62925,4257,138947,California
San Joaquin,2021-03-17,7699,207411,4616,104491,3013,100273,70,2647,4288,77006,3384,66309,4368,143315,California
San Joaquin,2021-03-18,7563,214974,4448,108939,2613,102886,502,3149,3742,77472,3785,70094,4251,147566,California
San Joaquin,2021-03-19,7859,222833,4603,113542,2713,105599,543,3692,4760,79740,3081,73175,5349,152915,California
San Joaquin,2021-03-20,3635,226468,2102,115644,1292,106891,241,3933,1815,80001,1807,74982,2068,154983,California
San Joaquin,2021-03-21,2092,228560,1486,117130,400,107291,206,4139,1188,80540,898,75880,1437,156420,California
San Joaquin,2021-03-22,3923,232483,2006,119136,1502,108793,415,4554,2329,81705,1584,77464,2749,159169,California
San Joaquin,2021-03-23,5324,237807,2609,121745,2550,111343,165,4719,3696,83958,1613,79077,3866,163035,California
San Joaquin,2021-03-24,6764,244571,4192,125937,2485,113828,87,4806,3017,83345,3725,82802,3112,166147,California
San Joaquin,2021-03-25,5472,250043,3233,129170,2198,116026,41,4847,3263,84466,2190,84992,3311,169458,California
San Joaquin,2021-03-26,6100,256143,2513,131683,3438,119464,149,4996,3226,85005,2854,87846,3393,172851,California
San Joaquin,2021-03-27,4576,260719,2601,134284,1932,121396,43,5039,1803,84110,2756,90602,1861,174712,California
San Joaquin,2021-03-28,2673,263392,1768,136052,880,122276,25,5064,1283,84133,1373,91975,1396,176108,California
San Joaquin,2021-03-29,3968,267360,2125,138177,1821,124097,22,5086,2011,84245,1948,93923,2060,178168,California
San Joaquin,2021-03-30,6085,273445,3103,141280,2922,127019,60,5146,3403,85075,2658,96581,3488,181656,California
San Joaquin,2021-03-31,6506,279951,4098,145378,2349,129368,59,5205,3346,85361,3147,99728,3433,185089,California
San Joaquin,2021-04-01,6229,286180,2906,148284,3244,132612,79,5284,2760,84807,3459,103187,2905,187994,California
San Joaquin,2021-04-02,6239,292419,2836,151120,2915,135527,488,5772,2479,84073,3741,106928,3007,191001,California
San Joaquin,2021-04-03,4097,296516,2318,153438,1455,136982,324,6096,1983,84293,2098,109026,2318,193319,California
San Joaquin,2021-04-04,2240,298756,1328,154766,710,137692,202,6298,1526,85321,709,109735,1737,195056,California
San Joaquin,2021-04-05,4302,303058,2716,157482,1419,139111,167,6465,2522,86253,1773,111508,2705,197761,California
San Joaquin,2021-04-06,6911,309969,4429,161911,2223,141334,259,6724,3279,86190,3612,115120,3549,201310,California
San Joaquin,2021-04-07,8175,318144,4413,166324,2195,143529,1567,8291,3403,86417,4759,119879,4986,206296,California
San Joaquin,2021-04-08,8563,326707,4623,170947,1935,145464,2005,10296,3267,86418,5276,125155,5277,211573,California
San Joaquin,2021-04-09,8525,335232,4018,174965,2964,148428,1543,11839,3047,85570,5459,130614,4611,216184,California
San Joaquin,2021-04-10,5105,340337,1598,176563,1620,150048,1887,13726,1697,85749,3404,134018,3583,219767,California
San Joaquin,2021-04-11,3974,344311,1524,178087,1295,151343,1155,14881,1685,86310,2275,136293,2836,222603,California
San Joaquin,2021-04-12,5491,349802,2242,180329,2031,153374,1218,16099,2194,86448,3280,139573,3418,226021,California
San Joaquin,2021-04-13,7314,357116,4225,184554,3086,156460,3,16102,4466,88093,2832,142405,4477,230498,California
San Joaquin,2021-04-14,7010,364126,3481,188035,3529,159989,0,16102,4124,89357,2868,145273,4132,234630,California
San Joaquin,2021-04-15,7293,371419,4170,192205,3123,163112,0,16102,3968,90037,3293,148566,3973,238603,California
San Joaquin,2021-04-16,6850,378269,3472,195677,3375,166487,3,16105,3986,91198,2838,151404,3999,242602,California
San Joaquin,2021-04-17,4886,383155,2563,198240,2323,168810,0,16105,3417,93171,1461,152865,3434,246036,California
San Joaquin,2021-04-18,2413,385568,1330,199570,1083,169893,0,16105,1292,93363,1107,153972,1299,247335,California
San Joaquin,2021-04-19,4843,390411,2503,202073,2340,172233,0,16105,2502,93557,2318,156290,2512,249847,California
San Joaquin,2021-04-20,5982,396393,3076,205149,2906,175139,0,16105,2870,93348,3090,159380,2881,252728,California
San Joaquin,2021-04-21,5216,401609,2746,207895,2469,177608,1,16106,2860,93906,2309,161689,2867,255595,California
San Joaquin,2021-04-22,5076,406685,2958,210853,2118,179726,0,16106,2929,94725,2119,163808,2938,258533,California
San Joaquin,2021-04-23,5584,412269,2636,213489,2948,182674,0,16106,3524,96211,2045,165853,3531,262064,California
San Joaquin,2021-04-24,4328,416597,2872,216361,1455,184129,1,16107,2846,97595,1469,167322,2853,264917,California
San Joaquin,2021-04-25,2250,418847,1834,218195,416,184545,0,16107,1507,98375,731,168053,1511,266428,California
San Joaquin,2021-04-26,3034,421881,1918,220113,1116,185661,0,16107,1543,98444,1479,169532,1548,267976,California
San Joaquin,2021-04-27,2442,424323,1625,221738,807,186468,10,16117,967,97964,1464,170996,984,268960,California
San Luis Obispo,2020-12-16,4,4,4,4,0,0,0,0,4,4,0,0,4,4,California
San Luis Obispo,2020-12-17,196,200,196,200,0,0,0,0,196,200,0,0,196,200,California
San Luis Obispo,2020-12-18,224,424,224,424,0,0,0,0,224,424,0,0,224,424,California
San Luis Obispo,2020-12-19,162,586,162,586,0,0,0,0,162,586,0,0,162,586,California
San Luis Obispo,2020-12-20,215,801,215,801,0,0,0,0,215,801,0,0,215,801,California
San Luis Obispo,2020-12-21,549,1350,549,1350,0,0,0,0,549,1350,0,0,549,1350,California
San Luis Obispo,2020-12-22,307,1657,303,1653,4,4,0,0,307,1657,0,0,307,1657,California
San Luis Obispo,2020-12-23,680,2337,367,2020,313,317,0,0,680,2337,0,0,680,2337,California
San Luis Obispo,2020-12-24,194,2531,19,2039,175,492,0,0,194,2531,0,0,194,2531,California
San Luis Obispo,2020-12-25,2,2533,1,2040,1,493,0,0,2,2533,0,0,2,2533,California
San Luis Obispo,2020-12-26,90,2623,12,2052,78,571,0,0,90,2623,0,0,90,2623,California
San Luis Obispo,2020-12-27,76,2699,0,2052,76,647,0,0,76,2699,0,0,76,2699,California
San Luis Obispo,2020-12-28,879,3578,430,2482,449,1096,0,0,879,3578,0,0,879,3578,California
San Luis Obispo,2020-12-29,903,4481,502,2984,401,1497,0,0,903,4481,0,0,903,4481,California
San Luis Obispo,2020-12-30,1174,5655,681,3665,493,1990,0,0,1174,5655,0,0,1174,5655,California
San Luis Obispo,2020-12-31,106,5761,4,3669,102,2092,0,0,106,5761,0,0,106,5761,California
San Luis Obispo,2021-01-01,13,5774,8,3677,5,2097,0,0,13,5774,0,0,13,5774,California
San Luis Obispo,2021-01-02,33,5807,8,3685,25,2122,0,0,33,5807,0,0,33,5807,California
San Luis Obispo,2021-01-03,16,5823,6,3691,10,2132,0,0,16,5823,0,0,16,5823,California
San Luis Obispo,2021-01-04,676,6499,524,4215,152,2284,0,0,676,6499,0,0,676,6499,California
San Luis Obispo,2021-01-05,974,7473,756,4971,218,2502,0,0,972,7469,2,2,972,7471,California
San Luis Obispo,2021-01-06,724,8197,480,5451,244,2746,0,0,716,8178,7,9,716,8187,California
San Luis Obispo,2021-01-07,1127,9324,949,6400,178,2924,0,0,685,8421,442,451,685,8872,California
San Luis Obispo,2021-01-08,881,10205,804,7204,77,3001,0,0,512,8565,368,819,512,9384,California
San Luis Obispo,2021-01-09,205,10410,196,7400,9,3010,0,0,28,8416,177,996,28,9412,California
San Luis Obispo,2021-01-10,12,10422,8,7408,4,3014,0,0,8,8420,4,1000,8,9420,California
San Luis Obispo,2021-01-11,526,10948,475,7883,51,3065,0,0,265,8425,260,1260,265,9685,California
San Luis Obispo,2021-01-12,597,11545,379,8262,218,3283,0,0,320,8468,277,1537,320,10005,California
San Luis Obispo,2021-01-13,882,12427,254,8516,628,3911,0,0,644,8876,236,1773,644,10649,California
San Luis Obispo,2021-01-14,730,13157,244,8760,486,4397,0,0,605,9369,112,1885,605,11254,California
San Luis Obispo,2021-01-15,729,13886,287,9047,442,4839,0,0,554,9753,170,2055,554,11808,California
San Luis Obispo,2021-01-16,99,13985,81,9128,18,4857,0,0,94,9842,5,2060,94,11902,California
San Luis Obispo,2021-01-17,67,14052,61,9189,6,4863,0,0,67,9909,0,2060,67,11969,California
San Luis Obispo,2021-01-18,1372,15424,389,9578,983,5846,0,0,1110,10757,262,2322,1110,13079,California
San Luis Obispo,2021-01-19,1585,17009,418,9996,1167,7013,0,0,1177,11526,408,2730,1177,14256,California
San Luis Obispo,2021-01-20,1883,18892,596,10592,1287,8300,0,0,1293,12232,588,3318,1294,15550,California
San Luis Obispo,2021-01-21,1570,20462,466,11058,1104,9404,0,0,1197,13061,369,3687,1198,16748,California
San Luis Obispo,2021-01-22,1521,21983,508,11566,1013,10417,0,0,1206,13954,313,4000,1206,17954,California
San Luis Obispo,2021-01-23,311,22294,293,11859,18,10435,0,0,295,14233,16,4016,295,18249,California
San Luis Obispo,2021-01-24,245,22539,238,12097,7,10442,0,0,239,14466,6,4022,239,18488,California
San Luis Obispo,2021-01-25,2071,24610,606,12703,1465,11907,0,0,1243,14881,828,4850,1243,19731,California
San Luis Obispo,2021-01-26,2003,26613,703,13406,1300,13207,0,0,1136,15150,867,5717,1136,20867,California
San Luis Obispo,2021-01-27,1612,28225,283,13689,1329,14536,0,0,1151,15840,461,6178,1151,22018,California
San Luis Obispo,2021-01-28,1484,29709,342,14031,1142,15678,0,0,1224,16805,259,6437,1224,23242,California
San Luis Obispo,2021-01-29,1734,31443,681,14712,1053,16731,0,0,1450,17971,284,6721,1450,24692,California
San Luis Obispo,2021-01-30,37,31480,18,14730,19,16750,0,0,26,17987,10,6731,26,24718,California
San Luis Obispo,2021-01-31,26,31506,20,14750,6,16756,0,0,23,18007,3,6734,23,24741,California
San Luis Obispo,2021-02-01,1664,33170,703,15453,961,17717,0,0,1395,19134,268,7002,1395,26136,California
San Luis Obispo,2021-02-02,1895,35065,676,16129,1219,18936,0,0,1521,20281,374,7376,1521,27657,California
San Luis Obispo,2021-02-03,1701,36766,727,16856,974,19910,0,0,1289,21158,412,7788,1289,28946,California
San Luis Obispo,2021-02-04,1656,38422,800,17656,856,20766,0,0,1089,21680,567,8355,1089,30035,California
San Luis Obispo,2021-02-05,1604,40026,717,18373,887,21653,0,0,1060,22196,545,8900,1061,31096,California
San Luis Obispo,2021-02-06,159,40185,92,18465,67,21720,0,0,93,22223,66,8966,93,31189,California
San Luis Obispo,2021-02-07,144,40329,99,18564,45,21765,0,0,74,22228,70,9036,75,31264,California
San Luis Obispo,2021-02-08,853,41182,468,19032,385,22150,0,0,495,22366,357,9393,495,31759,California
San Luis Obispo,2021-02-09,1122,42304,448,19480,674,22824,0,0,541,22339,575,9968,548,32307,California
San Luis Obispo,2021-02-10,1428,43732,486,19966,942,23766,0,0,521,21959,904,10872,524,32831,California
San Luis Obispo,2021-02-11,1330,45062,844,20810,486,24252,0,0,655,21942,672,11544,655,33486,California
San Luis Obispo,2021-02-12,787,45849,363,21173,424,24676,0,0,417,21989,370,11914,417,33903,California
San Luis Obispo,2021-02-13,390,46239,124,21297,266,24942,0,0,284,22168,105,12019,284,34187,California
San Luis Obispo,2021-02-14,317,46556,42,21339,275,25217,0,0,280,22412,37,12056,281,34468,California
San Luis Obispo,2021-02-15,723,47279,137,21476,586,25803,0,0,467,22626,253,12309,467,34935,California
San Luis Obispo,2021-02-16,2960,50239,1194,22670,1766,27569,0,0,1358,22388,1596,13905,1358,36293,California
San Luis Obispo,2021-02-17,2773,53012,1237,23907,1536,29105,0,0,1029,21682,1735,15640,1029,37322,California
San Luis Obispo,2021-02-18,2809,55821,1445,25352,1364,30469,0,0,1120,21122,1681,17321,1121,38443,California
San Luis Obispo,2021-02-19,1452,57273,1332,26684,120,30589,0,0,1129,21929,322,17643,1129,39572,California
San Luis Obispo,2021-02-20,249,57522,79,26763,170,30759,0,0,213,22106,36,17679,213,39785,California
San Luis Obispo,2021-02-21,48,57570,45,26808,3,30762,0,0,29,22116,19,17698,29,39814,California
San Luis Obispo,2021-02-22,2400,59970,1856,28664,544,31306,0,0,1460,22637,940,18638,1461,41275,California
San Luis Obispo,2021-02-23,1856,61826,1740,30404,116,31422,0,0,1365,23512,490,19128,1365,42640,California
San Luis Obispo,2021-02-24,2644,64470,1301,31705,1343,32765,0,0,836,22542,1806,20934,836,43476,California
San Luis Obispo,2021-02-25,2130,66600,1243,32948,887,33652,0,0,1206,22832,917,21851,1207,44683,California
San Luis Obispo,2021-02-26,2643,69243,1148,34096,1495,35147,0,0,1325,22845,1312,23163,1325,46008,California
San Luis Obispo,2021-02-27,566,69809,340,34436,226,35373,0,0,520,23319,46,23209,520,46528,California
San Luis Obispo,2021-02-28,196,70005,72,34508,124,35497,0,0,163,23453,29,23238,163,46691,California
San Luis Obispo,2021-03-01,2955,72960,1842,36350,1112,36609,1,1,2033,24566,922,24160,2035,48726,California
San Luis Obispo,2021-03-02,2986,75946,1886,38236,1100,37709,0,1,1841,25267,1141,25301,1842,50568,California
San Luis Obispo,2021-03-03,2270,78216,330,38566,1940,39649,0,1,824,24652,1440,26741,825,51393,California
San Luis Obispo,2021-03-04,2174,80390,1147,39713,1027,40676,0,1,1166,24814,1006,27747,1168,52561,California
San Luis Obispo,2021-03-05,2292,82682,1017,40730,1205,41881,70,71,1287,25181,990,28737,1357,53918,California
San Luis Obispo,2021-03-06,831,83513,308,41038,416,42297,107,178,611,25673,220,28957,712,54630,California
San Luis Obispo,2021-03-07,199,83712,32,41070,83,42380,84,262,70,25700,128,29085,155,54785,California
San Luis Obispo,2021-03-08,2724,86436,752,41822,1658,44038,314,576,1542,26375,1180,30265,1855,56640,California
San Luis Obispo,2021-03-09,2915,89351,956,42778,1723,45761,236,812,1513,26726,1399,31664,1750,58390,California
San Luis Obispo,2021-03-10,3177,92528,1241,44019,1666,47427,270,1082,1814,27450,1360,33024,2084,60474,California
San Luis Obispo,2021-03-11,3093,95621,1271,45290,1520,48947,302,1384,1700,28067,1384,34408,2001,62475,California
San Luis Obispo,2021-03-12,3185,98806,1282,46572,1564,50511,339,1723,1576,28384,1601,36009,1918,64393,California
San Luis Obispo,2021-03-13,788,99594,259,46831,420,50931,109,1832,428,28560,360,36369,536,64929,California
San Luis Obispo,2021-03-14,513,100107,54,46885,348,51279,111,1943,135,28429,377,36746,246,65175,California
San Luis Obispo,2021-03-15,3046,103153,1096,47981,1852,53131,98,2041,1527,28538,1516,38262,1625,66800,California
San Luis Obispo,2021-03-16,2844,105997,1510,49491,1234,54365,100,2141,1448,28695,1390,39652,1547,68347,California
San Luis Obispo,2021-03-17,3422,109419,1448,50939,1712,56077,262,2403,1979,29499,1436,41088,2240,70587,California
San Luis Obispo,2021-03-18,2783,112202,1445,52384,1145,57222,193,2596,1333,29579,1446,42534,1526,72113,California
San Luis Obispo,2021-03-19,2584,114786,1565,53949,697,57919,322,2918,961,29246,1618,44152,1285,73398,California
San Luis Obispo,2021-03-20,827,115613,493,54442,298,58217,36,2954,381,29217,446,44598,417,73815,California
San Luis Obispo,2021-03-21,186,115799,45,54487,138,58355,3,2957,157,29348,29,44627,160,73975,California
San Luis Obispo,2021-03-22,2680,118479,1170,55657,1463,59818,47,3004,1863,30445,813,45440,1910,75885,California
San Luis Obispo,2021-03-23,3359,121838,2213,57870,1128,60946,18,3022,2265,31638,1090,46530,2283,78168,California
San Luis Obispo,2021-03-24,3478,125316,2127,59997,1281,62227,70,3092,2616,33465,858,47388,2685,80853,California
San Luis Obispo,2021-03-25,3656,128972,2282,62279,1362,63589,12,3104,2633,35089,1020,48408,2644,83497,California
San Luis Obispo,2021-03-26,3133,132105,1758,64037,954,64543,421,3525,1752,35886,1376,49784,2173,85670,California
San Luis Obispo,2021-03-27,993,133098,506,64543,392,64935,95,3620,450,35889,541,50325,544,86214,California
San Luis Obispo,2021-03-28,441,133539,151,64694,234,65169,56,3676,240,35984,201,50526,296,86510,California
San Luis Obispo,2021-03-29,2574,136113,1271,65965,1169,66338,134,3810,1656,36867,906,51432,1789,88299,California
San Luis Obispo,2021-03-30,3494,139607,1904,67869,1447,67785,143,3953,2342,38203,1147,52579,2483,90782,California
San Luis Obispo,2021-03-31,3808,143415,2444,70313,1217,69002,147,4100,2446,39443,1353,53932,2593,93375,California
San Luis Obispo,2021-04-01,3799,147214,2423,72736,1282,70284,94,4194,2685,41116,1105,55037,2778,96153,California
San Luis Obispo,2021-04-02,1714,148928,682,73418,721,71005,311,4505,918,41549,795,55832,1228,97381,California
San Luis Obispo,2021-04-03,1087,150015,552,73970,408,71413,127,4632,472,41538,610,56442,599,97980,California
San Luis Obispo,2021-04-04,378,150393,130,74100,208,71621,40,4672,231,41662,147,56589,271,98251,California
San Luis Obispo,2021-04-05,3594,153987,1945,76045,1539,73160,110,4782,2044,42267,1547,58136,2152,100403,California
San Luis Obispo,2021-04-06,3995,157982,2136,78181,1550,74710,309,5091,1938,42463,2051,60187,2247,102650,California
San Luis Obispo,2021-04-07,4249,162231,2333,80514,1576,76286,340,5431,2462,43489,1774,61961,2800,105450,California
San Luis Obispo,2021-04-08,3990,166221,2187,82701,1413,77699,390,5821,2168,44232,1815,63776,2558,108008,California
San Luis Obispo,2021-04-09,3595,169816,1709,84410,1145,78844,741,6562,1523,44429,2063,65839,2260,110268,California
San Luis Obispo,2021-04-10,1564,171380,556,84966,347,79191,661,7223,481,44487,1082,66921,1140,111408,California
San Luis Obispo,2021-04-11,312,171692,63,85029,186,79377,63,7286,125,44490,185,67106,188,111596,California
San Luis Obispo,2021-04-12,3346,175038,1694,86723,1489,80866,163,7449,1391,44089,1955,69061,1554,113150,California
San Luis Obispo,2021-04-13,3623,178661,2094,88817,1528,82394,1,7450,1957,44384,1664,70725,1959,115109,California
San Luis Obispo,2021-04-14,2815,181476,1675,90492,1137,83531,3,7453,1654,44890,1150,71875,1656,116765,California
San Luis Obispo,2021-04-15,3608,185084,2362,92854,1245,84776,1,7454,1926,45152,1665,73540,1927,118692,California
San Luis Obispo,2021-04-16,3597,188681,2190,95044,1404,86180,3,7457,1793,45147,1800,75340,1795,120487,California
San Luis Obispo,2021-04-17,1097,189778,432,95476,663,86843,2,7459,717,45487,379,75719,719,121206,California
San Luis Obispo,2021-04-18,317,190095,96,95572,220,87063,1,7460,108,45389,207,75926,109,121315,California
San Luis Obispo,2021-04-19,3010,193105,1285,96857,1689,88752,36,7496,1128,44674,1880,77806,1165,122480,California
San Luis Obispo,2021-04-20,3541,196646,1927,98784,1614,90366,0,7496,1377,43898,2153,79959,1377,123857,California
San Luis Obispo,2021-04-21,3549,200195,1578,100362,1971,92337,0,7496,1514,43392,2020,81979,1514,125371,California
San Luis Obispo,2021-04-22,3810,204005,1713,102075,2097,94434,0,7496,1330,42259,2466,84445,1333,126704,California
San Luis Obispo,2021-04-23,1327,205332,746,102821,577,95011,4,7500,588,42121,738,85183,600,127304,California
San Luis Obispo,2021-04-24,758,206090,244,103065,504,95515,10,7510,357,42091,397,85580,367,127671,California
San Luis Obispo,2021-04-25,314,206404,147,103212,167,95682,0,7510,101,41979,213,85793,101,127772,California
San Luis Obispo,2021-04-26,743,207147,287,103499,448,96130,8,7518,311,41870,427,86220,318,128090,California
San Luis Obispo,2021-04-27,1835,208982,929,104428,888,97018,18,7536,583,41221,1250,87470,601,128691,California
San Mateo,2020-12-15,26,26,26,26,0,0,0,0,26,26,0,0,26,26,California
San Mateo,2020-12-16,110,136,110,136,0,0,0,0,110,136,0,0,110,136,California
San Mateo,2020-12-17,163,299,163,299,0,0,0,0,163,299,0,0,163,299,California
San Mateo,2020-12-18,740,1039,738,1037,2,2,0,0,740,1039,0,0,740,1039,California
San Mateo,2020-12-19,510,1549,510,1547,0,2,0,0,510,1549,0,0,510,1549,California
San Mateo,2020-12-20,508,2057,507,2054,1,3,0,0,508,2057,0,0,508,2057,California
San Mateo,2020-12-21,1154,3211,1154,3208,0,3,0,0,1154,3211,0,0,1154,3211,California
San Mateo,2020-12-22,1516,4727,1509,4717,7,10,0,0,1516,4727,0,0,1516,4727,California
San Mateo,2020-12-23,1571,6298,1384,6101,187,197,0,0,1571,6298,0,0,1571,6298,California
San Mateo,2020-12-24,866,7164,609,6710,257,454,0,0,866,7164,0,0,866,7164,California
San Mateo,2020-12-25,114,7278,110,6820,4,458,0,0,114,7278,0,0,114,7278,California
San Mateo,2020-12-26,560,7838,417,7237,143,601,0,0,560,7838,0,0,560,7838,California
San Mateo,2020-12-27,306,8144,175,7412,131,732,0,0,306,8144,0,0,306,8144,California
San Mateo,2020-12-28,1048,9192,702,8114,346,1078,0,0,1048,9192,0,0,1048,9192,California
San Mateo,2020-12-29,1129,10321,705,8819,424,1502,0,0,1129,10321,0,0,1129,10321,California
San Mateo,2020-12-30,1263,11584,760,9579,503,2005,0,0,1263,11584,0,0,1263,11584,California
San Mateo,2020-12-31,717,12301,232,9811,485,2490,0,0,716,12299,1,1,716,12300,California
San Mateo,2021-01-01,45,12346,35,9846,10,2500,0,0,45,12344,0,1,45,12345,California
San Mateo,2021-01-02,398,12744,269,10115,129,2629,0,0,398,12742,0,1,398,12743,California
San Mateo,2021-01-03,281,13025,206,10321,75,2704,0,0,278,13017,3,4,278,13021,California
San Mateo,2021-01-04,1056,14081,682,11003,374,3078,0,0,1056,14073,0,4,1056,14077,California
San Mateo,2021-01-05,1200,15281,706,11709,494,3572,0,0,1171,15216,29,33,1172,15249,California
San Mateo,2021-01-06,1447,16728,950,12659,497,4069,0,0,1267,16306,178,211,1268,16517,California
San Mateo,2021-01-07,1451,18179,805,13464,646,4715,0,0,1162,17187,282,493,1163,17680,California
San Mateo,2021-01-08,1837,20016,1190,14654,647,5362,0,0,1140,17638,690,1183,1141,18821,California
San Mateo,2021-01-09,1180,21196,776,15430,404,5766,0,0,723,17904,457,1640,723,19544,California
San Mateo,2021-01-10,700,21896,571,16001,129,5895,0,0,266,17736,434,2074,266,19810,California
San Mateo,2021-01-11,2591,24487,1483,17484,1108,7003,0,0,1526,18198,1066,3140,1528,21338,California
San Mateo,2021-01-12,3280,27767,1770,19254,1510,8513,0,0,2099,19121,1179,4319,2102,23440,California
San Mateo,2021-01-13,3476,31243,1749,21003,1727,10240,0,0,2443,20534,1033,5352,2446,25886,California
San Mateo,2021-01-14,3777,35020,1582,22585,2195,12435,0,0,3093,22948,684,6036,3098,28984,California
San Mateo,2021-01-15,4332,39352,1710,24295,2622,15057,0,0,3804,26228,526,6562,3806,32790,California
San Mateo,2021-01-16,3084,42436,776,25071,2308,17365,0,0,2765,28674,319,6881,2765,35555,California
San Mateo,2021-01-17,1309,43745,308,25379,1001,18366,0,0,1101,29567,208,7089,1101,36656,California
San Mateo,2021-01-18,1363,45108,531,25910,832,19198,0,0,989,30189,371,7460,993,37649,California
San Mateo,2021-01-19,2794,47902,1782,27692,1012,20210,0,0,2004,31406,787,8247,2004,39653,California
San Mateo,2021-01-20,2657,50559,1403,29095,1254,21464,0,0,1811,32375,843,9090,1812,41465,California
San Mateo,2021-01-21,2825,53384,1280,30375,1545,23009,0,0,2244,34042,580,9670,2247,43712,California
San Mateo,2021-01-22,2788,56172,1130,31505,1658,24667,0,0,2489,36235,297,9967,2490,46202,California
San Mateo,2021-01-23,2881,59053,1688,33193,1193,25860,0,0,2518,38391,363,10330,2519,48721,California
San Mateo,2021-01-24,1518,60571,373,33566,1145,27005,0,0,1210,39294,307,10637,1210,49931,California
San Mateo,2021-01-25,4430,65001,3147,36713,1283,28288,0,0,3534,41936,894,11531,3536,53467,California
San Mateo,2021-01-26,4295,69296,2982,39695,1313,29601,0,0,3392,44426,902,12433,3392,56859,California
San Mateo,2021-01-27,2778,72074,1462,41157,1316,30917,0,0,1785,45225,987,13420,1786,58645,California
San Mateo,2021-01-28,2794,74868,1348,42505,1446,32363,0,0,1948,46342,831,14251,1948,60593,California
San Mateo,2021-01-29,2978,77846,1337,43842,1641,34004,0,0,2144,47659,831,15082,2148,62741,California
San Mateo,2021-01-30,3375,81221,1473,45315,1902,35906,0,0,2918,50122,456,15538,2919,65660,California
San Mateo,2021-01-31,1682,82903,898,46213,784,36690,0,0,1519,51480,161,15699,1519,67179,California
San Mateo,2021-02-01,2922,85825,1343,47556,1579,38269,0,0,2214,52991,704,16403,2215,69394,California
San Mateo,2021-02-02,3168,88993,1726,49282,1442,39711,0,0,2155,54136,1010,17413,2155,71549,California
San Mateo,2021-02-03,4875,93868,1944,51226,2931,42642,0,0,3823,56911,1049,18462,3824,75373,California
San Mateo,2021-02-04,6284,100152,2587,53813,3697,46339,0,0,4925,60486,1353,19815,4928,80301,California
San Mateo,2021-02-05,6787,106939,2551,56364,4236,50575,0,0,4962,63640,1808,21623,4962,85263,California
San Mateo,2021-02-06,3282,110221,1917,58281,1365,51940,0,0,2618,65597,663,22286,2620,87883,California
San Mateo,2021-02-07,1898,112119,1343,59624,555,52495,0,0,1711,67121,187,22473,1711,89594,California
San Mateo,2021-02-08,5276,117395,2244,61868,3032,55527,0,0,3102,68113,2110,24583,3102,92696,California
San Mateo,2021-02-09,6178,123573,3219,65087,2959,58486,0,0,3335,68609,2839,27422,3335,96031,California
San Mateo,2021-02-10,6498,130071,3271,68358,3227,61713,0,0,3541,69202,2948,30370,3541,99572,California
San Mateo,2021-02-11,7050,137121,3578,71936,3472,65185,0,0,3814,69793,3226,33596,3817,103389,California
San Mateo,2021-02-12,6618,143739,2952,74888,3666,68851,0,0,4705,72591,1909,35505,4707,108096,California
San Mateo,2021-02-13,6089,149828,3992,78880,2097,70948,0,0,2639,71784,3446,38951,2639,110735,California
San Mateo,2021-02-14,4627,154455,3015,81895,1612,72560,0,0,1977,71115,2647,41598,1978,112713,California
San Mateo,2021-02-15,3165,157620,1458,83353,1707,74267,0,0,1788,71531,1373,42971,1789,114502,California
San Mateo,2021-02-16,7146,164766,1872,85225,5274,79541,0,0,5283,74954,1862,44833,5285,119787,California
San Mateo,2021-02-17,7051,171817,1934,87159,5117,84658,0,0,5066,78042,1980,46813,5068,124855,California
San Mateo,2021-02-18,6684,178501,4623,91782,2061,86719,0,0,4444,80252,2236,49049,4446,129301,California
San Mateo,2021-02-19,7810,186311,5611,97393,2199,88918,0,0,5822,84092,1982,51031,5822,135123,California
San Mateo,2021-02-20,3730,190041,2414,99807,1316,90234,0,0,2306,84981,1417,52448,2306,137429,California
San Mateo,2021-02-21,2305,192346,1464,101271,841,91075,0,0,1259,85198,1042,53490,1259,138688,California
San Mateo,2021-02-22,4414,196760,3191,104462,1223,92298,0,0,2781,86352,1627,55117,2781,141469,California
San Mateo,2021-02-23,4285,201045,3041,107503,1244,93542,0,0,2480,87033,1799,56916,2480,143949,California
San Mateo,2021-02-24,7266,208311,3248,110751,4018,97560,0,0,4846,89464,2415,59331,4846,148795,California
San Mateo,2021-02-25,9075,217386,4004,114755,5071,102631,0,0,6010,92424,3050,62381,6010,154805,California
San Mateo,2021-02-26,9745,227131,3705,118460,6040,108671,0,0,6830,96354,2902,65283,6832,161637,California
San Mateo,2021-02-27,6680,233811,3412,121872,3267,111938,1,1,3631,96947,3044,68327,3637,165274,California
San Mateo,2021-02-28,4123,237934,2504,124376,1619,113557,0,1,2554,97938,1564,69891,2555,167829,California
San Mateo,2021-03-01,5620,243554,3511,127887,2109,115666,0,1,2779,97885,2832,72723,2779,170608,California
San Mateo,2021-03-02,5769,249323,3966,131853,1802,117468,1,2,3322,98770,2439,75162,3324,173932,California
San Mateo,2021-03-03,8301,257624,3879,135732,4421,121889,1,3,3590,97660,4701,79863,3591,177523,California
San Mateo,2021-03-04,8370,265994,3923,139655,4445,126334,2,5,3789,96888,4565,84428,3793,181316,California
San Mateo,2021-03-05,9068,275062,5974,145629,3091,129425,3,8,6407,100661,2641,87069,6414,187730,California
San Mateo,2021-03-06,7835,282897,5428,151057,2231,131656,176,184,5729,104468,2097,89166,5904,193634,California
San Mateo,2021-03-07,3465,286362,2311,153368,1087,132743,67,251,2004,105082,1457,90623,2071,195705,California
San Mateo,2021-03-08,4420,290782,2465,155833,1739,134482,216,467,3203,107292,1210,91833,3420,199125,California
San Mateo,2021-03-09,4532,295314,2109,157942,2150,136632,273,740,2994,109027,1531,93364,3266,202391,California
San Mateo,2021-03-10,6910,302224,2637,160579,3989,140621,284,1024,4562,111536,2336,95700,4845,207236,California
San Mateo,2021-03-11,9110,311334,5718,166297,2999,143620,393,1417,3699,110242,5385,101085,4091,211327,California
San Mateo,2021-03-12,10487,321821,6606,172903,3506,147126,375,1792,3495,107134,6978,108063,3870,215197,California
San Mateo,2021-03-13,8093,329914,3409,176312,3058,150184,1626,3418,3906,108486,4176,112239,5528,220725,California
San Mateo,2021-03-14,4930,334844,3299,179611,1524,151708,107,3525,2901,109471,2023,114262,3008,223733,California
San Mateo,2021-03-15,7114,341958,4571,184182,2369,154077,174,3699,3762,110061,3346,117608,3936,227669,California
San Mateo,2021-03-16,11897,353855,4355,188537,7419,161496,123,3822,4853,108010,7029,124637,4978,232647,California
San Mateo,2021-03-17,10780,364635,4355,192892,6301,167797,124,3946,4884,107149,5873,130510,5012,237659,California
San Mateo,2021-03-18,7216,371851,4021,196913,3012,170809,183,4129,4297,108712,2915,133425,4478,242137,California
San Mateo,2021-03-19,7350,379201,4710,201623,1973,172782,667,4796,3603,109243,3739,137164,4270,246407,California
San Mateo,2021-03-20,8276,387477,6432,208055,1510,174292,334,5130,5403,112121,2859,140023,5737,252144,California
San Mateo,2021-03-21,4141,391618,3119,211174,791,175083,231,5361,2341,112900,1790,141813,2569,254713,California
San Mateo,2021-03-22,5214,396832,3538,214712,1258,176341,418,5779,2861,113839,2340,144153,3279,257992,California
San Mateo,2021-03-23,9759,406591,4431,219143,5132,181473,196,5975,4650,113604,5081,149234,4846,262838,California
San Mateo,2021-03-24,9423,416014,5425,224568,3856,185329,142,6117,4099,112581,5261,154495,4238,267076,California
San Mateo,2021-03-25,9977,425991,4855,229423,4854,190183,268,6385,4396,111767,5481,159976,4667,271743,California
San Mateo,2021-03-26,11108,437099,7651,237074,3294,193477,163,6548,4440,109739,6632,166608,4604,276347,California
San Mateo,2021-03-27,10402,447501,7953,245027,2345,195822,104,6652,4672,108800,5712,172320,4773,281120,California
San Mateo,2021-03-28,4195,451696,2697,247724,1387,197209,111,6763,2088,108901,2099,174419,2200,283320,California
San Mateo,2021-03-29,6000,457696,3742,251466,2006,199215,252,7015,2847,108864,3136,177555,3099,286419,California
San Mateo,2021-03-30,7042,464738,3987,255453,2903,202118,152,7167,4457,110901,2572,180127,4609,291028,California
San Mateo,2021-03-31,7163,471901,4535,259988,2491,204609,137,7304,4039,111967,3110,183237,4176,295204,California
San Mateo,2021-04-01,10360,482261,5086,265074,4096,208705,1178,8482,5561,113939,4766,188003,6738,301942,California
San Mateo,2021-04-02,10584,492845,5056,270130,3970,212675,1558,10040,5542,116013,5024,193027,7098,309040,California
San Mateo,2021-04-03,9611,502456,5452,275582,2430,215105,1729,11769,4841,117818,4766,197793,6571,315611,California
San Mateo,2021-04-04,5372,507828,2584,278166,1543,216648,1245,13014,1697,117095,3665,201458,2942,318553,California
San Mateo,2021-04-05,8910,516738,4733,282899,2443,219091,1734,14748,3839,117607,5060,206518,5572,324125,California
San Mateo,2021-04-06,13044,529782,8161,291060,3035,222126,1848,16596,7445,121321,5587,212105,9301,333426,California
San Mateo,2021-04-07,11272,541054,5217,296277,4387,226513,1668,18264,4778,121287,6474,218579,6440,339866,California
San Mateo,2021-04-08,9971,551025,4983,301260,2435,228948,2553,20817,4423,122722,5535,224114,6970,346836,California
San Mateo,2021-04-09,11187,562212,5422,306682,3297,232245,2468,23285,5032,124076,6142,230256,7496,354332,California
San Mateo,2021-04-10,11086,573298,5644,312326,4028,236273,1414,24699,4592,123609,6471,236727,6004,360336,California
San Mateo,2021-04-11,6598,579896,3271,315597,880,237153,2447,27146,2325,124111,4267,240994,4769,365105,California
San Mateo,2021-04-12,7284,587180,4458,320055,1871,239024,955,28101,3543,124884,3726,244720,4499,369604,California
San Mateo,2021-04-13,8086,595266,5054,325109,3025,242049,7,28108,4286,125385,3795,248515,4296,373900,California
San Mateo,2021-04-14,8250,603516,5344,330453,2904,244953,2,28110,4311,125773,3929,252444,4317,378217,California
San Mateo,2021-04-15,10917,614433,7261,337714,3655,248608,1,28111,7166,129217,3725,256169,7169,385386,California
San Mateo,2021-04-16,9923,624356,6865,344579,3042,251650,16,28127,6316,131964,3591,259760,6338,391724,California
San Mateo,2021-04-17,9419,633775,6244,350823,3172,254822,3,28130,6032,134622,3379,263139,6037,397761,California
San Mateo,2021-04-18,5315,639090,2508,353331,2807,257629,0,28130,3595,136512,1711,264850,3601,401362,California
San Mateo,2021-04-19,8253,647343,5397,358728,2856,260485,0,28130,5349,138973,2895,267745,5356,406718,California
San Mateo,2021-04-20,10174,657517,5612,364340,4562,265047,0,28130,6543,141911,3615,271360,6553,413271,California
San Mateo,2021-04-21,8896,666413,5981,370321,2915,267962,0,28130,5532,144096,3354,274714,5539,418810,California
San Mateo,2021-04-22,8964,675377,6061,376382,2902,270864,1,28131,5144,145453,3793,278507,5150,423960,California
San Mateo,2021-04-23,8600,683977,5575,381957,3025,273889,0,28131,4961,146812,3617,282124,4976,428936,California
San Mateo,2021-04-24,8871,692848,6308,388265,2563,276452,0,28131,4683,147320,4180,286304,4688,433624,California
San Mateo,2021-04-25,3986,696834,2728,390993,1257,277709,1,28132,2775,148897,1205,287509,2782,436406,California
San Mateo,2021-04-26,5056,701890,3637,394630,1413,279122,6,28138,2969,149799,2083,289592,2985,439391,California
San Mateo,2021-04-27,7401,709291,5590,400220,1805,280927,6,28144,2354,147131,5034,294626,2366,441757,California
Santa Barbara,2020-12-15,2,2,2,2,0,0,0,0,2,2,0,0,2,2,California
Santa Barbara,2020-12-16,2,4,2,4,0,0,0,0,2,4,0,0,2,4,California
Santa Barbara,2020-12-17,53,57,53,57,0,0,0,0,53,57,0,0,53,57,California
Santa Barbara,2020-12-18,377,434,376,433,1,1,0,0,377,434,0,0,377,434,California
Santa Barbara,2020-12-19,325,759,325,758,0,1,0,0,325,759,0,0,325,759,California
Santa Barbara,2020-12-20,235,994,235,993,0,1,0,0,235,994,0,0,235,994,California
Santa Barbara,2020-12-21,651,1645,649,1642,2,3,0,0,651,1645,0,0,651,1645,California
Santa Barbara,2020-12-22,243,1888,241,1883,2,5,0,0,243,1888,0,0,243,1888,California
Santa Barbara,2020-12-23,320,2208,202,2085,118,123,0,0,320,2208,0,0,320,2208,California
Santa Barbara,2020-12-24,87,2295,40,2125,47,170,0,0,87,2295,0,0,87,2295,California
Santa Barbara,2020-12-26,326,2621,66,2191,260,430,0,0,326,2621,0,0,326,2621,California
Santa Barbara,2020-12-27,62,2683,1,2192,61,491,0,0,62,2683,0,0,62,2683,California
Santa Barbara,2020-12-28,355,3038,222,2414,133,624,0,0,355,3038,0,0,355,3038,California
Santa Barbara,2020-12-29,554,3592,361,2775,193,817,0,0,554,3592,0,0,554,3592,California
Santa Barbara,2020-12-30,587,4179,405,3180,182,999,0,0,587,4179,0,0,587,4179,California
Santa Barbara,2020-12-31,239,4418,113,3293,126,1125,0,0,239,4418,0,0,239,4418,California
Santa Barbara,2021-01-01,110,4528,108,3401,2,1127,0,0,110,4528,0,0,110,4528,California
Santa Barbara,2021-01-02,587,5115,223,3624,364,1491,0,0,587,5115,0,0,587,5115,California
Santa Barbara,2021-01-03,23,5138,15,3639,8,1499,0,0,23,5138,0,0,23,5138,California
Santa Barbara,2021-01-04,308,5446,245,3884,63,1562,0,0,307,5445,0,0,307,5445,California
Santa Barbara,2021-01-05,751,6197,378,4262,373,1935,0,0,724,6142,27,27,724,6169,California
Santa Barbara,2021-01-06,654,6851,275,4537,379,2314,0,0,595,6679,58,85,595,6764,California
Santa Barbara,2021-01-07,1030,7881,708,5245,322,2636,0,0,525,6703,501,586,525,7289,California
Santa Barbara,2021-01-08,1201,9082,839,6084,362,2998,0,0,708,6918,493,1079,708,7997,California
Santa Barbara,2021-01-09,566,9648,293,6377,273,3271,0,0,320,6992,246,1325,320,8317,California
Santa Barbara,2021-01-10,62,9710,50,6427,12,3283,0,0,46,7022,16,1341,46,8363,California
Santa Barbara,2021-01-11,837,10547,668,7095,169,3452,0,0,614,7414,222,1563,614,8977,California
Santa Barbara,2021-01-12,1426,11973,634,7729,792,4244,0,0,1270,8528,156,1719,1270,10247,California
Santa Barbara,2021-01-13,1227,13200,281,8010,946,5190,0,0,1101,9503,126,1845,1101,11348,California
Santa Barbara,2021-01-14,1250,14450,134,8144,1116,6306,0,0,1196,10647,53,1898,1197,12545,California
Santa Barbara,2021-01-15,1800,16250,419,8563,1381,7687,0,0,1719,12286,80,1978,1719,14264,California
Santa Barbara,2021-01-16,1273,17523,203,8766,1070,8757,0,0,1234,13482,38,2016,1234,15498,California
Santa Barbara,2021-01-17,123,17646,20,8786,103,8860,0,0,120,13599,3,2019,120,15618,California
Santa Barbara,2021-01-18,1152,18798,417,9203,735,9595,0,0,967,14381,185,2204,967,16585,California
Santa Barbara,2021-01-19,1638,20436,569,9772,1069,10664,0,0,1360,15464,277,2481,1360,17945,California
Santa Barbara,2021-01-20,1997,22433,445,10217,1552,12216,0,0,1703,16874,293,2774,1703,19648,California
Santa Barbara,2021-01-21,3086,25519,1819,12036,1267,13483,0,0,2930,19649,156,2930,2931,22579,California
Santa Barbara,2021-01-22,3000,28519,1851,13887,1149,14632,0,0,2855,22362,142,3072,2855,25434,California
Santa Barbara,2021-01-23,1735,30254,1106,14993,629,15261,0,0,1225,23078,509,3581,1225,26659,California
Santa Barbara,2021-01-24,844,31098,752,15745,92,15353,0,0,835,23904,9,3590,835,27494,California
Santa Barbara,2021-01-25,1240,32338,499,16244,741,16094,0,0,1001,24667,239,3829,1002,28496,California
Santa Barbara,2021-01-26,2042,34380,466,16710,1576,17670,0,0,1655,25937,385,4214,1655,30151,California
Santa Barbara,2021-01-27,1159,35539,398,17108,761,18431,0,0,902,26584,256,4470,903,31054,California
Santa Barbara,2021-01-28,896,36435,297,17405,599,19030,0,0,682,27056,211,4681,683,31737,California
Santa Barbara,2021-01-29,1332,37767,538,17943,794,19824,0,0,980,27689,349,5030,982,32719,California
Santa Barbara,2021-01-30,1890,39657,1418,19361,472,20296,0,0,1486,28774,401,5431,1486,34205,California
Santa Barbara,2021-01-31,1456,41113,1218,20579,238,20534,0,0,1417,30152,39,5470,1417,35622,California
Santa Barbara,2021-02-01,939,42052,517,21096,422,20956,0,0,551,30315,388,5858,551,36173,California
Santa Barbara,2021-02-02,1821,43873,699,21795,1122,22078,0,0,1046,30588,773,6631,1046,37219,California
Santa Barbara,2021-02-03,1941,45814,1078,22873,863,22941,0,0,1499,31655,432,7063,1499,38718,California
Santa Barbara,2021-02-04,2776,48590,1861,24734,915,23856,0,0,2481,33846,290,7353,2481,41199,California
Santa Barbara,2021-02-05,2906,51496,2060,26794,846,24702,0,0,2263,35467,642,7995,2263,43462,California
Santa Barbara,2021-02-06,1208,52704,339,27133,869,25571,0,0,796,35851,412,8407,796,44258,California
Santa Barbara,2021-02-07,299,53003,262,27395,37,25608,0,0,264,36081,34,8441,264,44522,California
Santa Barbara,2021-02-08,955,53958,311,27706,644,26252,0,0,669,36464,286,8727,669,45191,California
Santa Barbara,2021-02-09,2439,56397,314,28020,2125,28377,0,0,1121,36276,1309,10036,1121,46312,California
Santa Barbara,2021-02-10,2761,59158,1497,29517,1264,29641,0,0,804,35132,1948,11984,804,47116,California
Santa Barbara,2021-02-11,4180,63338,2806,32323,1374,31015,0,0,624,32206,3550,15534,624,47740,California
Santa Barbara,2021-02-12,3307,66645,948,33271,2359,33374,0,0,773,30450,2529,18063,773,48513,California
Santa Barbara,2021-02-13,1237,67882,341,33612,896,34270,0,0,562,30340,672,18735,562,49075,California
Santa Barbara,2021-02-14,331,68213,34,33646,297,34567,0,0,285,30579,46,18781,285,49360,California
Santa Barbara,2021-02-15,964,69177,337,33983,627,35194,0,0,491,30601,469,19250,491,49851,California
Santa Barbara,2021-02-16,2109,71286,396,34379,1713,36907,0,0,716,29928,1389,20639,716,50567,California
Santa Barbara,2021-02-17,1436,72722,322,34701,1114,38021,0,0,521,29536,913,21552,521,51088,California
Santa Barbara,2021-02-18,3252,75974,2647,37348,605,38626,0,0,1519,29356,1699,23251,1519,52607,California
Santa Barbara,2021-02-19,3603,79577,2648,39996,955,39581,0,0,2334,30424,1266,24517,2334,54941,California
Santa Barbara,2021-02-20,2219,81796,1432,41428,787,40368,0,0,1667,31548,543,25060,1667,56608,California
Santa Barbara,2021-02-21,124,81920,97,41525,27,40395,0,0,57,31538,67,25127,57,56665,California
Santa Barbara,2021-02-22,935,82855,244,41769,691,41086,0,0,262,31133,667,25794,262,56927,California
Santa Barbara,2021-02-23,3182,86037,1044,42813,2138,43224,0,0,419,28791,2761,28555,419,57346,California
Santa Barbara,2021-02-24,3196,89233,1087,43900,2109,45333,0,0,721,27047,2465,31020,721,58067,California
Santa Barbara,2021-02-25,3452,92685,1916,45816,1536,46869,0,0,985,25573,2460,33480,986,59053,California
Santa Barbara,2021-02-26,3666,96351,2176,47992,1490,48359,0,0,1982,25878,1677,35157,1982,61035,California
Santa Barbara,2021-02-27,1527,97878,561,48553,966,49325,0,0,846,26051,675,35832,848,61883,California
Santa Barbara,2021-02-28,1082,98960,220,48773,862,50187,0,0,891,26756,187,36019,892,62775,California
Santa Barbara,2021-03-01,1624,100584,461,49234,1163,51350,0,0,1080,27303,534,36553,1081,63856,California
Santa Barbara,2021-03-02,2610,103194,411,49645,2199,53549,0,0,2116,28937,483,37036,2117,65973,California
Santa Barbara,2021-03-03,4628,107822,2099,51744,2528,56077,1,1,4034,32391,584,37620,4038,70011,California
Santa Barbara,2021-03-04,3414,111236,2281,54025,1133,57210,0,1,2861,34705,547,38167,2861,72872,California
Santa Barbara,2021-03-05,3802,115038,2153,56178,1590,58800,59,60,3080,37128,716,38883,3139,76011,California
Santa Barbara,2021-03-06,2437,117475,726,56904,1492,60292,219,279,1671,38255,762,39645,1889,77900,California
Santa Barbara,2021-03-07,557,118032,122,57026,307,60599,128,407,381,38590,175,39820,510,78410,California
Santa Barbara,2021-03-08,1570,119602,374,57400,854,61453,342,749,790,38948,774,40594,1132,79542,California
Santa Barbara,2021-03-09,2766,122368,324,57724,1672,63125,770,1519,718,38387,2045,42639,1484,81026,California
Santa Barbara,2021-03-10,2751,125119,545,58269,1160,64285,1046,2565,1034,38755,1712,44351,2080,83106,California
Santa Barbara,2021-03-11,5574,130693,3032,61301,1428,65713,1114,3679,2279,38861,3283,47634,3389,86495,California
Santa Barbara,2021-03-12,3655,134348,2095,63396,1132,66845,428,4107,2172,39984,1475,49109,2598,89093,California
Santa Barbara,2021-03-13,3471,137819,1922,65318,1340,68185,209,4316,2695,42114,775,49884,2905,91998,California
Santa Barbara,2021-03-14,776,138595,367,65685,352,68537,57,4373,458,42311,318,50202,515,92513,California
Santa Barbara,2021-03-15,2102,140697,694,66379,1117,69654,291,4664,1266,43033,833,51035,1555,94068,California
Santa Barbara,2021-03-16,3725,144422,1170,67549,2214,71868,341,5005,2742,45136,980,52015,3083,97151,California
Santa Barbara,2021-03-17,3297,147719,970,68519,1922,73790,405,5410,2307,46858,988,53003,2710,99861,California
Santa Barbara,2021-03-18,5116,152835,2796,71315,2120,75910,200,5610,3897,49748,1207,54210,4097,103958,California
Santa Barbara,2021-03-19,4435,157270,2762,74077,1341,77251,332,5942,3045,51738,1386,55596,3376,107334,California
Santa Barbara,2021-03-20,2159,159429,825,74902,1324,78575,10,5952,1324,52239,833,56429,1334,108668,California
Santa Barbara,2021-03-21,1161,160590,382,75284,750,79325,29,5981,838,52784,322,56751,867,109535,California
Santa Barbara,2021-03-22,2777,163367,1914,77198,819,80144,44,6025,2226,54509,545,57296,2270,111805,California
Santa Barbara,2021-03-23,4470,167837,2246,79444,2128,82272,96,6121,3711,57566,750,58046,3807,115612,California
Santa Barbara,2021-03-24,5383,173220,3154,82598,1496,83768,733,6854,2953,58840,2411,60457,3685,119297,California
Santa Barbara,2021-03-25,5535,178755,3278,85876,2071,85839,186,7040,2766,59037,2755,63212,2952,122249,California
Santa Barbara,2021-03-26,5071,183826,3215,89091,1558,87397,298,7338,2234,58748,2821,66033,2532,124781,California
Santa Barbara,2021-03-27,2927,186753,1222,90313,1662,89059,43,7381,1595,59057,1327,67360,1636,126417,California
Santa Barbara,2021-03-28,2777,189530,1653,91966,1096,90155,28,7409,1896,60103,878,68238,1924,128341,California
Santa Barbara,2021-03-29,4041,193571,2087,94053,1885,92040,69,7478,3236,62608,800,69038,3305,131646,California
Santa Barbara,2021-03-30,6782,200353,3501,97554,3133,95173,148,7626,4557,65100,2211,71249,4703,136349,California
Santa Barbara,2021-03-31,8625,208978,5498,103052,3063,98236,64,7690,5047,66651,3561,74810,5112,141461,California
Santa Barbara,2021-04-01,6896,215874,5083,108135,1555,99791,258,7948,4050,68124,2833,77643,4306,145767,California
Santa Barbara,2021-04-02,6596,222470,4526,112661,1478,101269,592,8540,3385,68896,3204,80847,3976,149743,California
Santa Barbara,2021-04-03,3780,226250,2100,114761,1612,102881,68,8608,2490,70167,1286,82133,2557,152300,California
Santa Barbara,2021-04-04,894,227144,442,115203,412,103293,40,8648,496,70307,396,82529,536,152836,California
Santa Barbara,2021-04-05,3437,230581,2265,117468,914,104207,258,8906,2145,71425,1286,83815,2404,155240,California
Santa Barbara,2021-04-06,5448,236029,2816,120284,2097,106304,535,9441,3335,73194,2099,85914,3868,159108,California
Santa Barbara,2021-04-07,5986,242015,3287,123571,2159,108463,540,9981,4082,75921,1893,87807,4620,163728,California
Santa Barbara,2021-04-08,7375,249390,5027,128598,635,109098,1713,11694,3411,77082,3961,91768,5122,168850,California
Santa Barbara,2021-04-09,7285,256675,4865,133463,1076,110174,1344,13038,3300,77747,3976,95744,4641,173491,California
Santa Barbara,2021-04-10,6634,263309,4599,138062,1420,111594,615,13653,4518,80768,2112,97856,5133,178624,California
Santa Barbara,2021-04-11,2660,265969,1947,140009,414,112008,299,13952,1840,82088,815,98671,2135,180759,California
Santa Barbara,2021-04-12,4446,270415,2865,142874,1027,113035,554,14506,1940,82080,2500,101171,2492,183251,California
Santa Barbara,2021-04-13,6297,276712,4136,147010,2155,115190,6,14512,2610,81011,3684,104855,2615,185866,California
Santa Barbara,2021-04-14,6739,283451,4418,151428,2319,117509,2,14514,4226,82735,2503,107358,4227,190093,California
Santa Barbara,2021-04-15,6932,290383,4093,155521,2838,120347,1,14515,3847,83511,3073,110431,3849,193942,California
Santa Barbara,2021-04-16,6375,296758,3749,159270,2615,122962,11,14526,4395,85951,1965,112396,4405,198347,California
Santa Barbara,2021-04-17,5306,302064,3872,163142,1434,124396,0,14526,4101,88855,1197,113593,4101,202448,California
Santa Barbara,2021-04-18,2120,304184,1471,164613,649,125045,0,14526,370,87479,1747,115340,371,202819,California
Santa Barbara,2021-04-19,3197,307381,2217,166830,975,126020,5,14531,1003,86297,2191,117531,1009,203828,California
Santa Barbara,2021-04-20,5875,313256,3956,170786,1918,127938,1,14532,1662,83758,4201,121732,1662,205490,California
Santa Barbara,2021-04-21,5485,318741,3640,174426,1845,129783,0,14532,1760,81805,3713,125445,1760,207250,California
Santa Barbara,2021-04-22,4929,323670,2422,176848,2507,132290,0,14532,1446,79786,3466,128911,1447,208697,California
Santa Barbara,2021-04-23,5219,328889,3799,180647,1420,133710,0,14532,1727,78032,3481,132392,1727,210424,California
Santa Barbara,2021-04-24,2938,331827,1604,182251,1329,135039,5,14537,1315,77734,1618,134010,1320,211744,California
Santa Barbara,2021-04-25,1055,332882,677,182928,378,135417,0,14537,217,77115,836,134846,217,211961,California
Santa Barbara,2021-04-26,2700,335582,1715,184643,970,136387,15,14552,413,75261,2282,137128,428,212389,California
Santa Barbara,2021-04-27,702,336284,73,184716,613,137000,16,14568,407,75392,292,137420,423,212812,California
Santa Clara,2020-12-15,65,65,65,65,0,0,0,0,65,65,0,0,65,65,California
Santa Clara,2020-12-16,136,201,136,201,0,0,0,0,136,201,0,0,136,201,California
Santa Clara,2020-12-17,391,592,391,592,0,0,0,0,391,592,0,0,391,592,California
Santa Clara,2020-12-18,1674,2266,1674,2266,0,0,0,0,1674,2266,0,0,1674,2266,California
Santa Clara,2020-12-19,2073,4339,2073,4339,0,0,0,0,2072,4338,0,0,2072,4338,California
Santa Clara,2020-12-20,1898,6237,1892,6231,6,6,0,0,1895,6233,0,0,1895,6233,California
Santa Clara,2020-12-21,2668,8905,2668,8899,0,6,0,0,2666,8899,0,0,2666,8899,California
Santa Clara,2020-12-22,3125,12030,3116,12015,9,15,0,0,3122,12021,0,0,3122,12021,California
Santa Clara,2020-12-23,3259,15289,3074,15089,185,200,0,0,3257,15278,0,0,3257,15278,California
Santa Clara,2020-12-24,1899,17188,1712,16801,187,387,0,0,1893,17170,1,1,1893,17171,California
Santa Clara,2020-12-25,343,17531,342,17143,1,388,0,0,343,17513,0,1,343,17514,California
Santa Clara,2020-12-26,1263,18794,1031,18174,232,620,0,0,1262,18775,0,1,1262,18776,California
Santa Clara,2020-12-27,648,19442,508,18682,140,760,0,0,648,19423,0,1,648,19424,California
Santa Clara,2020-12-28,2331,21773,1729,20411,602,1362,0,0,2331,21754,0,1,2331,21755,California
Santa Clara,2020-12-29,2326,24099,1466,21877,860,2222,0,0,2324,24078,0,1,2324,24079,California
Santa Clara,2020-12-30,2987,27086,1898,23775,1089,3311,0,0,2985,27061,2,3,2985,27064,California
Santa Clara,2020-12-31,1211,28297,387,24162,824,4135,0,0,1210,28270,1,4,1210,28274,California
Santa Clara,2021-01-01,139,28436,9,24171,130,4265,0,0,138,28407,1,5,138,28412,California
Santa Clara,2021-01-02,1081,29517,812,24983,269,4534,0,0,1081,29488,0,5,1081,29493,California
Santa Clara,2021-01-03,584,30101,369,25352,215,4749,0,0,579,30064,3,8,579,30072,California
Santa Clara,2021-01-04,2466,32567,1667,27019,799,5548,0,0,2464,32528,0,8,2464,32536,California
Santa Clara,2021-01-05,3058,35625,2003,29022,1055,6603,0,0,2870,35217,187,195,2876,35412,California
Santa Clara,2021-01-06,3319,38944,1954,30976,1365,7968,0,0,2744,37391,571,766,2745,38157,California
Santa Clara,2021-01-07,4212,43156,2554,33530,1658,9626,0,0,3146,39486,1056,1822,3151,41308,California
Santa Clara,2021-01-08,5841,48997,3821,37351,2020,11646,0,0,3788,41225,2049,3871,3788,45096,California
Santa Clara,2021-01-09,2970,51967,1863,39214,1107,12753,0,0,1686,41630,1284,5155,1689,46785,California
Santa Clara,2021-01-10,1952,53919,1509,40723,443,13196,0,0,740,41159,1211,6366,740,47525,California
Santa Clara,2021-01-11,5933,59852,3734,44457,2199,15395,0,0,3374,41980,2558,8924,3379,50904,California
Santa Clara,2021-01-12,6800,66652,3398,47855,3402,18797,0,0,4557,44297,2241,11165,4558,55462,California
Santa Clara,2021-01-13,7362,74014,3043,50898,4319,23116,0,0,5193,47324,2167,13332,5194,60656,California
Santa Clara,2021-01-14,8227,82241,2790,53688,5437,28553,0,0,6489,52081,1733,15065,6490,67146,California
Santa Clara,2021-01-15,9446,91687,2681,56369,6765,35318,0,0,8131,58905,1312,16377,8136,75282,California
Santa Clara,2021-01-16,4296,95983,1225,57594,3071,38389,0,0,3464,61541,828,17205,3464,78746,California
Santa Clara,2021-01-17,3214,99197,602,58196,2612,41001,0,0,2717,63761,497,17702,2717,81463,California
Santa Clara,2021-01-18,5086,104283,1149,59345,3937,44938,0,0,4534,67744,552,18254,4535,85998,California
Santa Clara,2021-01-19,8462,112745,2658,62003,5804,50742,0,0,6787,72862,1672,19926,6790,92788,California
Santa Clara,2021-01-20,7985,120730,4014,66017,3971,54713,0,0,6446,77774,1534,21460,6446,99234,California
Santa Clara,2021-01-21,8543,129273,3634,69651,4909,59622,0,0,7394,84023,1147,22607,7396,106630,California
Santa Clara,2021-01-22,8583,137856,3202,72853,5381,65003,0,0,8020,91483,562,23169,8022,114652,California
Santa Clara,2021-01-23,3780,141636,1687,74540,2093,67096,0,0,2823,93350,957,24126,2824,117476,California
Santa Clara,2021-01-24,2824,144460,1421,75961,1403,68499,0,0,2337,95203,484,24610,2337,119813,California
Santa Clara,2021-01-25,8366,152826,3781,79742,4585,73084,0,0,6308,99464,2051,26661,6312,126125,California
Santa Clara,2021-01-26,8229,161055,3760,83502,4469,77553,0,0,6118,103483,2101,28762,6120,132245,California
Santa Clara,2021-01-27,8706,169761,3824,87326,4882,82435,0,0,6785,108370,1900,30662,6787,139032,California
Santa Clara,2021-01-28,9428,179189,3771,91097,5657,88092,0,0,7479,113925,1929,32591,7484,146516,California
Santa Clara,2021-01-29,9501,188690,3936,95033,5565,93657,0,0,7335,119106,2157,34748,7338,153854,California
Santa Clara,2021-01-30,4175,192865,2069,97102,2106,95763,0,0,2967,120877,1201,35949,2972,156826,California
Santa Clara,2021-01-31,2171,195036,1303,98405,868,96631,0,0,1580,121869,588,36537,1580,158406,California
Santa Clara,2021-02-01,7828,202864,3482,101887,4346,100977,0,0,6142,126333,1679,38216,6143,164549,California
Santa Clara,2021-02-02,8386,211250,2872,104759,5514,106491,0,0,6393,130742,1987,40203,6396,170945,California
Santa Clara,2021-02-03,9191,220441,3480,108239,5711,112202,0,0,6919,135401,2266,42469,6925,177870,California
Santa Clara,2021-02-04,10883,231324,4109,112348,6774,118976,0,0,8604,141739,2269,44738,8607,186477,California
Santa Clara,2021-02-05,11904,243228,4345,116693,7559,126535,0,0,8448,146747,3441,48179,8449,194926,California
Santa Clara,2021-02-06,5174,248402,2809,119502,2365,128900,0,0,4014,149607,1156,49335,4016,198942,California
Santa Clara,2021-02-07,3470,251872,2347,121849,1123,130023,0,0,3019,152177,450,49785,3020,201962,California
Santa Clara,2021-02-08,10005,261877,3480,125329,6525,136548,0,0,7294,156775,2697,52482,7295,209257,California
Santa Clara,2021-02-09,11131,273008,3809,129138,7322,143870,0,0,7655,160967,3466,55948,7658,216915,California
Santa Clara,2021-02-10,12622,285630,4897,134035,7725,151595,0,0,6907,162174,5702,61650,6909,223824,California
Santa Clara,2021-02-11,13460,299090,4701,138736,8759,160354,0,0,7673,164075,5773,67423,7674,231498,California
Santa Clara,2021-02-12,14529,313619,4477,143213,10052,170406,0,0,7012,163591,7498,74921,7014,238512,California
Santa Clara,2021-02-13,6061,319680,1447,144660,4614,175020,0,0,2209,161956,3846,78767,2211,240723,California
Santa Clara,2021-02-14,4612,324292,1140,145800,3472,178492,0,0,1468,160283,3143,81910,1470,242193,California
Santa Clara,2021-02-15,6244,330536,2795,148595,3449,181941,0,0,2701,159447,3537,85447,2701,244894,California
Santa Clara,2021-02-16,13751,344287,3992,152587,9759,191700,0,0,6918,159549,6816,92263,6918,251812,California
Santa Clara,2021-02-17,14054,358341,5485,158072,8569,200269,0,0,7040,159598,6996,99259,7045,258857,California
Santa Clara,2021-02-18,13878,372219,8351,166423,5527,205796,0,0,7107,159966,6742,106001,7110,265967,California
Santa Clara,2021-02-19,14778,386997,9516,175939,5262,211058,0,0,8593,162393,6170,112171,8597,274564,California
Santa Clara,2021-02-20,6807,393804,5093,181032,1714,212772,0,0,3673,162941,3125,115296,3673,278237,California
Santa Clara,2021-02-21,3240,397044,2424,183456,816,213588,0,0,1163,162036,2070,117366,1165,279402,California
Santa Clara,2021-02-22,10147,407191,6077,189533,4070,217658,0,0,4736,161372,5401,122767,4737,284139,California
Santa Clara,2021-02-23,11856,419047,7698,197231,4158,221816,0,0,6728,162988,5116,127883,6732,290871,California
Santa Clara,2021-02-24,14117,433164,9089,206320,5028,226844,0,0,8741,166369,5360,133243,8741,299612,California
Santa Clara,2021-02-25,14575,447739,9227,215547,5348,232192,0,0,7869,167555,6688,139931,7874,307486,California
Santa Clara,2021-02-26,14551,462290,8434,223981,6117,238309,0,0,8000,169033,6525,146456,8003,315489,California
Santa Clara,2021-02-27,8044,470334,5489,229470,2554,240863,1,1,4452,169911,3582,150038,4460,319949,California
Santa Clara,2021-02-28,4715,475049,3068,232538,1647,242510,0,1,2204,169613,2502,152540,2204,322153,California
Santa Clara,2021-03-01,14055,489104,7967,240505,6085,248595,3,4,8694,172970,5340,157880,8697,330850,California
Santa Clara,2021-03-02,15820,504924,9382,249887,6438,255033,0,4,10187,177549,5609,163489,10188,341038,California
Santa Clara,2021-03-03,18369,523293,8995,258882,9373,264406,1,5,11412,182048,6920,170409,11419,352457,California
Santa Clara,2021-03-04,16351,539644,8916,267798,7432,271838,3,8,9532,184832,6753,177162,9537,361994,California
Santa Clara,2021-03-05,16431,556075,9118,276916,7188,279026,125,133,9118,186785,7294,184456,9247,371241,California
Santa Clara,2021-03-06,9344,565419,6263,283179,2646,281672,435,568,7040,191969,2291,186747,7475,378716,California
Santa Clara,2021-03-07,6714,572133,4406,287585,2077,283749,231,799,5350,196193,1356,188103,5580,384296,California
Santa Clara,2021-03-08,12834,584967,6682,294267,5590,289339,562,1361,8221,200381,4596,192699,8784,393080,California
Santa Clara,2021-03-09,14861,599828,6211,300478,7324,296663,1326,2687,6586,200034,8257,200956,7910,400990,California
Santa Clara,2021-03-10,14931,614759,6464,306942,6412,303075,2055,4742,6099,199361,8808,209764,8135,409125,California
Santa Clara,2021-03-11,16906,631665,7727,314669,7676,310751,1503,6245,5976,195926,10902,220666,7467,416592,California
Santa Clara,2021-03-12,17615,649280,9055,323724,6989,317740,1571,7816,5944,191794,11632,232298,7500,424092,California
Santa Clara,2021-03-13,10669,659949,6179,329903,3004,320744,1486,9302,4765,192149,5881,238179,6236,430328,California
Santa Clara,2021-03-14,6470,666419,3346,333249,1823,322567,1301,10603,3194,193375,3261,241440,4487,434815,California
Santa Clara,2021-03-15,12738,679157,6515,339764,5955,328522,268,10871,5965,192856,6753,248193,6234,441049,California
Santa Clara,2021-03-16,18110,697267,10243,350007,7660,336182,207,11078,8771,192520,9312,257505,8976,450025,California
Santa Clara,2021-03-17,19787,717054,11208,361215,8411,344593,168,11246,10213,193370,9526,267031,10376,460401,California
Santa Clara,2021-03-18,18950,736004,8857,370072,8935,353528,1158,12404,9082,193793,9814,276845,10237,470638,California
Santa Clara,2021-03-19,19139,755143,9840,379912,8301,361829,998,13402,9952,195603,9131,285976,10941,481579,California
Santa Clara,2021-03-20,11442,766585,6279,386191,4336,366165,827,14229,6722,198457,4691,290667,7545,489124,California
Santa Clara,2021-03-21,8240,774825,3720,389911,3120,369285,1400,15629,5526,202669,2704,293371,6916,496040,California
Santa Clara,2021-03-22,16227,791052,9048,398959,6835,376120,344,15973,9273,205354,6932,300303,9617,505657,California
Santa Clara,2021-03-23,19128,810180,12169,411128,6446,382566,513,16486,11226,209236,7856,308159,11738,517395,California
Santa Clara,2021-03-24,22483,832663,14486,425614,7586,390152,411,16897,14612,216432,7829,315988,15025,532420,California
Santa Clara,2021-03-25,22791,855454,13052,438666,8756,398908,983,17880,14710,224096,8018,324006,15682,548102,California
Santa Clara,2021-03-26,21782,877236,13877,452543,7522,406430,383,18263,13473,229675,8272,332278,13851,561953,California
Santa Clara,2021-03-27,15588,892824,10371,462914,4455,410885,762,19025,8408,231700,7142,339420,9167,571120,California
Santa Clara,2021-03-28,11982,904806,8281,471195,2988,413873,713,19738,6482,233414,5476,344896,7190,578310,California
Santa Clara,2021-03-29,20496,925302,12577,483772,7195,421068,724,20462,11159,235997,9297,354193,11880,590190,California
Santa Clara,2021-03-30,25449,950751,15157,498929,8360,429428,1932,22394,16280,245069,9134,363327,18206,608396,California
Santa Clara,2021-03-31,20261,971012,11755,510684,7384,436812,1122,23516,12533,251021,7695,371022,13647,622043,California
Santa Clara,2021-04-01,31353,1002365,19617,530301,8749,445561,2987,26503,19803,262308,11492,382514,22779,644822,California
Santa Clara,2021-04-02,24859,1027224,14209,544510,8538,454099,2112,28615,16225,272037,8602,391116,18331,663153,California
Santa Clara,2021-04-03,15048,1042272,9126,553636,3441,457540,2481,31096,8343,276166,6686,397802,10815,673968,California
Santa Clara,2021-04-04,7565,1049837,4008,557644,2403,459943,1154,32250,3935,277633,3622,401424,5089,679057,California
Santa Clara,2021-04-05,21480,1071317,14319,571963,4709,464652,2452,34702,13987,286601,7469,408893,16437,695494,California
Santa Clara,2021-04-06,29109,1100426,15997,587960,7703,472355,5409,40111,17426,297785,11643,420536,22827,718321,California
Santa Clara,2021-04-07,30417,1130843,15681,603641,8314,480669,6422,46533,18552,310930,11813,432349,24958,743279,California
Santa Clara,2021-04-08,28935,1159778,15941,619582,5913,486582,7081,53614,15929,320986,12935,445284,22991,766270,California
Santa Clara,2021-04-09,27501,1187279,13597,633179,6749,493331,7155,60769,13992,328656,13458,458742,21128,787398,California
Santa Clara,2021-04-10,21134,1208413,12219,645398,3727,497058,5188,65957,11307,335330,9795,468537,16469,803867,California
Santa Clara,2021-04-11,15878,1224291,9497,654895,2623,499681,3758,69715,8212,339660,7633,476170,11963,815830,California
Santa Clara,2021-04-12,26660,1250951,18776,673671,5485,505166,2399,72114,18195,351840,8412,484582,20592,836422,California
Santa Clara,2021-04-13,33609,1284560,26770,700441,6813,511979,26,72140,26047,370453,7485,492067,26098,862520,California
Santa Clara,2021-04-14,36314,1320874,27568,728009,8743,520722,3,72143,25844,385918,10409,502476,25874,888394,California
Santa Clara,2021-04-15,43025,1363899,33908,761917,9117,529839,0,72143,33370,409755,9557,512033,33394,921788,California
Santa Clara,2021-04-16,37761,1401660,26144,788061,11615,541454,2,72145,27329,426748,10362,522395,27355,949143,California
Santa Clara,2021-04-17,21413,1423073,14867,802928,6545,547999,1,72146,14895,435184,6476,528871,14912,964055,California
Santa Clara,2021-04-18,16256,1439329,10522,813450,5734,553733,0,72146,10171,439313,6052,534923,10181,974236,California
Santa Clara,2021-04-19,28485,1467814,20567,834017,7917,561650,1,72147,17091,445106,11327,546250,17120,991356,California
Santa Clara,2021-04-20,35668,1503482,21511,855528,14157,575807,0,72147,21570,452704,14000,560250,21598,1012954,California
Santa Clara,2021-04-21,35333,1538815,20367,875895,14966,590773,0,72147,23024,463522,12239,572489,23057,1036011,California
Santa Clara,2021-04-22,32522,1571337,21172,897067,11349,602122,1,72148,14854,460831,17589,590078,14898,1050909,California
Santa Clara,2021-04-23,29354,1600691,17591,914658,11763,613885,0,72148,13662,458924,15608,605686,13701,1064610,California
Santa Clara,2021-04-24,10507,1611198,6467,921125,4039,617924,1,72149,4304,457074,6174,611860,4324,1068934,California
Santa Clara,2021-04-25,6631,1617829,4324,925449,2307,620231,0,72149,3011,456489,3607,615467,3022,1071956,California
Santa Clara,2021-04-26,10758,1628587,6687,932136,4018,624249,53,72202,3841,453540,6854,622321,3905,1075861,California
Santa Clara,2021-04-27,8474,1637061,4908,937044,3530,627779,36,72238,2920,450986,5522,627843,2968,1078829,California
Santa Cruz,2020-12-15,2,2,2,2,0,0,0,0,2,2,0,0,2,2,California
Santa Cruz,2020-12-16,57,59,57,59,0,0,0,0,57,59,0,0,57,59,California
Santa Cruz,2020-12-17,389,448,389,448,0,0,0,0,389,448,0,0,389,448,California
Santa Cruz,2020-12-18,464,912,464,912,0,0,0,0,464,912,0,0,464,912,California
Santa Cruz,2020-12-19,178,1090,177,1089,1,1,0,0,178,1090,0,0,178,1090,California
Santa Cruz,2020-12-20,95,1185,95,1184,0,1,0,0,95,1185,0,0,95,1185,California
Santa Cruz,2020-12-21,435,1620,435,1619,0,1,0,0,435,1620,0,0,435,1620,California
Santa Cruz,2020-12-22,424,2044,423,2042,1,2,0,0,424,2044,0,0,424,2044,California
Santa Cruz,2020-12-23,372,2416,329,2371,43,45,0,0,372,2416,0,0,372,2416,California
Santa Cruz,2020-12-24,125,2541,49,2420,76,121,0,0,125,2541,0,0,125,2541,California
Santa Cruz,2020-12-25,11,2552,11,2431,0,121,0,0,11,2552,0,0,11,2552,California
Santa Cruz,2020-12-26,64,2616,45,2476,19,140,0,0,64,2616,0,0,64,2616,California
Santa Cruz,2020-12-27,32,2648,27,2503,5,145,0,0,32,2648,0,0,32,2648,California
Santa Cruz,2020-12-28,485,3133,108,2611,377,522,0,0,485,3133,0,0,485,3133,California
Santa Cruz,2020-12-29,800,3933,370,2981,430,952,0,0,800,3933,0,0,800,3933,California
Santa Cruz,2020-12-30,356,4289,164,3145,192,1144,0,0,356,4289,0,0,356,4289,California
Santa Cruz,2020-12-31,313,4602,11,3156,302,1446,0,0,313,4602,0,0,313,4602,California
Santa Cruz,2021-01-01,33,4635,1,3157,32,1478,0,0,33,4635,0,0,33,4635,California
Santa Cruz,2021-01-02,71,4706,57,3214,14,1492,0,0,71,4706,0,0,71,4706,California
Santa Cruz,2021-01-03,15,4721,7,3221,8,1500,0,0,15,4721,0,0,15,4721,California
Santa Cruz,2021-01-04,281,5002,123,3344,158,1658,0,0,279,5000,0,0,279,5000,California
Santa Cruz,2021-01-05,566,5568,428,3772,138,1796,0,0,264,4962,302,302,264,5264,California
Santa Cruz,2021-01-06,802,6370,669,4441,133,1929,0,0,464,5089,337,639,464,5728,California
Santa Cruz,2021-01-07,541,6911,212,4653,329,2258,0,0,388,5325,153,792,389,6117,California
Santa Cruz,2021-01-08,933,7844,560,5213,373,2631,0,0,486,5365,447,1239,487,6604,California
Santa Cruz,2021-01-09,463,8307,123,5336,340,2971,0,0,409,5720,54,1293,409,7013,California
Santa Cruz,2021-01-10,80,8387,70,5406,10,2981,0,0,21,5682,59,1352,21,7034,California
Santa Cruz,2021-01-11,724,9111,590,5996,134,3115,0,0,191,5341,533,1885,192,7226,California
Santa Cruz,2021-01-12,736,9847,532,6528,204,3319,0,0,493,5591,243,2128,493,7719,California
Santa Cruz,2021-01-13,523,10370,228,6756,295,3614,0,0,439,5949,81,2209,439,8158,California
Santa Cruz,2021-01-14,555,10925,101,6857,454,4068,0,0,489,6372,66,2275,489,8647,California
Santa Cruz,2021-01-15,1460,12385,77,6934,1383,5451,0,0,1395,7705,64,2339,1397,10044,California
Santa Cruz,2021-01-16,426,12811,54,6988,372,5823,0,0,407,8093,19,2358,407,10451,California
Santa Cruz,2021-01-17,297,13108,41,7029,256,6079,0,0,272,8340,25,2383,272,10723,California
Santa Cruz,2021-01-18,1015,14123,105,7134,910,6989,0,0,953,9231,62,2445,953,11676,California
Santa Cruz,2021-01-19,1622,15745,524,7658,1098,8087,0,0,1269,10150,351,2796,1270,12946,California
Santa Cruz,2021-01-20,1235,16980,183,7841,1052,9139,0,0,1038,10994,194,2990,1038,13984,California
Santa Cruz,2021-01-21,1712,18692,200,8041,1512,10651,0,0,1604,12492,108,3098,1606,15590,California
Santa Cruz,2021-01-22,1796,20488,532,8573,1264,11915,0,0,1694,14088,99,3197,1695,17285,California
Santa Cruz,2021-01-23,402,20890,147,8720,255,12170,0,0,342,14371,59,3256,342,17627,California
Santa Cruz,2021-01-24,116,21006,21,8741,95,12265,0,0,98,14451,18,3274,98,17725,California
Santa Cruz,2021-01-25,1062,22068,361,9102,701,12966,0,0,551,14491,511,3785,551,18276,California
Santa Cruz,2021-01-26,1696,23764,248,9350,1448,14414,0,0,1183,15161,513,4298,1183,19459,California
Santa Cruz,2021-01-27,1653,25417,449,9799,1204,15618,0,0,1269,16048,382,4680,1269,20728,California
Santa Cruz,2021-01-28,1749,27166,293,10092,1456,17074,0,0,1472,17244,277,4957,1473,22201,California
Santa Cruz,2021-01-29,1733,28899,489,10581,1244,18318,0,0,1603,18718,129,5086,1603,23804,California
Santa Cruz,2021-01-30,1059,29958,308,10889,751,19069,0,0,926,19511,133,5219,926,24730,California
Santa Cruz,2021-01-31,221,30179,113,11002,108,19177,0,0,207,19704,14,5233,207,24937,California
Santa Cruz,2021-02-01,1233,31412,760,11762,473,19650,0,0,826,20123,407,5640,826,25763,California
Santa Cruz,2021-02-02,1010,32422,128,11890,882,20532,0,0,855,20824,154,5794,855,26618,California
Santa Cruz,2021-02-03,2237,34659,960,12850,1277,21809,0,0,1922,22435,311,6105,1922,28540,California
Santa Cruz,2021-02-04,1855,36514,773,13623,1082,22891,0,0,1518,23617,336,6441,1518,30058,California
Santa Cruz,2021-02-05,3173,39687,793,14416,2380,25271,0,0,2852,26149,320,6761,2852,32910,California
Santa Cruz,2021-02-06,2588,42275,164,14580,2424,27695,0,0,2240,28041,348,7109,2240,35150,California
Santa Cruz,2021-02-07,909,43184,122,14702,787,28482,0,0,891,28914,18,7127,891,36041,California
Santa Cruz,2021-02-08,715,43899,202,14904,513,28995,0,0,515,29230,199,7326,515,36556,California
Santa Cruz,2021-02-09,2373,46272,1056,15960,1317,30312,0,0,2110,31081,259,7585,2110,38666,California
Santa Cruz,2021-02-10,2202,48474,579,16539,1623,31935,0,0,1502,31893,691,8276,1503,40169,California
Santa Cruz,2021-02-11,1856,50330,317,16856,1539,33474,0,0,1329,32697,525,8801,1329,41498,California
Santa Cruz,2021-02-12,3226,53556,422,17278,2804,36278,0,0,1816,33113,1402,10203,1818,43316,California
Santa Cruz,2021-02-13,1710,55266,124,17402,1586,37864,0,0,1296,33995,414,10617,1296,44612,California
Santa Cruz,2021-02-14,1403,56669,70,17472,1333,39197,0,0,1139,34870,264,10881,1139,45751,California
Santa Cruz,2021-02-15,1583,58252,280,17752,1303,40500,0,0,566,34420,1017,11898,567,46318,California
Santa Cruz,2021-02-16,1697,59949,207,17959,1490,41990,0,0,538,33821,1137,13035,538,46856,California
Santa Cruz,2021-02-17,2922,62871,976,18935,1946,43936,0,0,1221,33357,1688,14723,1224,48080,California
Santa Cruz,2021-02-18,2882,65753,639,19574,2243,46179,0,0,1231,32941,1647,16370,1231,49311,California
Santa Cruz,2021-02-19,3266,69019,1145,20719,2121,48300,0,0,2009,33695,1255,17625,2009,51320,California
Santa Cruz,2021-02-20,2386,71405,1499,22218,887,49187,0,0,1892,35093,494,18119,1892,53212,California
Santa Cruz,2021-02-21,826,72231,360,22578,466,49653,0,0,700,35669,124,18243,700,53912,California
Santa Cruz,2021-02-22,1258,73489,967,23545,291,49944,0,0,535,35483,721,18964,535,54447,California
Santa Cruz,2021-02-23,2099,75588,938,24483,1161,51105,0,0,710,34805,1388,20352,710,55157,California
Santa Cruz,2021-02-24,3182,78770,1664,26147,1518,52623,0,0,1203,34033,1975,22327,1203,56360,California
Santa Cruz,2021-02-25,3239,82009,1431,27578,1808,54431,0,0,1781,34363,1451,23778,1781,58141,California
Santa Cruz,2021-02-26,2721,84730,763,28341,1958,56389,0,0,1549,34746,1168,24946,1551,59692,California
Santa Cruz,2021-02-27,2635,87365,930,29271,1705,58094,0,0,1836,35784,798,25744,1836,61528,California
Santa Cruz,2021-02-28,1296,88661,359,29630,937,59031,0,0,1084,36659,209,25953,1084,62612,California
Santa Cruz,2021-03-01,1828,90489,1255,30885,573,59604,0,0,689,36212,1136,27089,689,63301,California
Santa Cruz,2021-03-02,1529,92018,358,31243,1171,60775,0,0,855,36398,672,27761,858,64159,California
Santa Cruz,2021-03-03,2356,94374,618,31861,1738,62513,0,0,1285,36615,1068,28829,1285,65444,California
Santa Cruz,2021-03-04,3010,97384,1409,33270,1600,64113,1,1,2025,37668,974,29803,2027,67471,California
Santa Cruz,2021-03-05,2615,99999,486,33756,2111,66224,18,19,1134,37342,1478,31281,1152,68623,California
Santa Cruz,2021-03-06,3872,103871,1348,35104,2419,68643,105,124,2160,37893,1712,32993,2263,70886,California
Santa Cruz,2021-03-07,1346,105217,128,35232,1144,69787,74,198,555,37732,790,33783,629,71515,California
Santa Cruz,2021-03-08,1081,106298,219,35451,733,70520,129,327,650,38081,430,34213,779,72294,California
Santa Cruz,2021-03-09,1776,108074,242,35693,1387,71907,147,474,702,37858,1072,35285,849,73143,California
Santa Cruz,2021-03-10,3863,111937,2091,37784,1623,73530,149,623,1998,38144,1863,37148,2149,75292,California
Santa Cruz,2021-03-11,2806,114743,1218,39002,1413,74943,175,798,1549,38614,1256,38404,1726,77018,California
Santa Cruz,2021-03-12,2757,117500,891,39893,1574,76517,292,1090,909,37969,1845,40249,1200,78218,California
Santa Cruz,2021-03-13,2311,119811,1334,41227,933,77450,44,1134,1179,38063,1130,41379,1224,79442,California
Santa Cruz,2021-03-14,902,120713,215,41442,673,78123,14,1148,440,38056,460,41839,453,79895,California
Santa Cruz,2021-03-15,1354,122067,484,41926,835,78958,35,1183,583,37907,768,42607,619,80514,California
Santa Cruz,2021-03-16,2318,124385,1088,43014,1189,80147,41,1224,1343,38318,972,43579,1383,81897,California
Santa Cruz,2021-03-17,3869,128254,2234,45248,1625,81772,10,1234,2523,39512,1342,44921,2536,84433,California
Santa Cruz,2021-03-18,3868,132122,2095,47343,1653,83425,120,1354,2071,39909,1794,46715,2191,86624,California
Santa Cruz,2021-03-19,3284,135406,1325,48668,1734,85159,225,1579,1657,40169,1622,48337,1882,88506,California
Santa Cruz,2021-03-20,2168,137574,1615,50283,516,85675,37,1616,1095,40231,1070,49407,1132,89638,California
Santa Cruz,2021-03-21,826,138400,438,50721,266,85941,122,1738,444,40418,380,49787,567,90205,California
Santa Cruz,2021-03-22,1373,139773,849,51570,502,86443,22,1760,942,40955,428,50215,965,91170,California
Santa Cruz,2021-03-23,2570,142343,1444,53014,1076,87519,50,1810,1716,41869,852,51067,1766,92936,California
Santa Cruz,2021-03-24,3020,145363,2031,55045,967,88486,22,1832,1992,42859,1023,52090,2013,94949,California
Santa Cruz,2021-03-25,2642,148005,1330,56375,1277,89763,35,1867,1357,42974,1277,53367,1392,96341,California
Santa Cruz,2021-03-26,3036,151041,1828,58203,1181,90944,27,1894,2055,44082,974,54341,2082,98423,California
Santa Cruz,2021-03-27,3239,154280,2015,60218,1199,92143,25,1919,1530,43939,1699,56040,1556,99979,California
Santa Cruz,2021-03-28,927,155207,569,60787,344,92487,14,1933,492,44014,431,56471,506,100485,California
Santa Cruz,2021-03-29,1959,157166,880,61667,1011,93498,68,2001,1260,44646,696,57167,1328,101813,California
Santa Cruz,2021-03-30,2708,159874,818,62485,1727,95225,163,2164,1735,45573,971,58138,1898,103711,California
Santa Cruz,2021-03-31,4068,163942,2725,65210,1295,96520,48,2212,2090,45737,1974,60112,2138,105849,California
Santa Cruz,2021-04-01,4023,167965,2154,67364,1762,98282,107,2319,2028,45882,1990,62102,2135,107984,California
Santa Cruz,2021-04-02,3145,171110,1427,68791,1536,99818,182,2501,1739,46402,1401,63503,1921,109905,California
Santa Cruz,2021-04-03,2263,173373,1235,70026,894,100712,134,2635,891,46057,1369,64872,1024,110929,California
Santa Cruz,2021-04-04,937,174310,492,70518,390,101102,55,2690,552,46279,385,65257,607,111536,California
Santa Cruz,2021-04-05,2264,176574,799,71317,1294,102396,171,2861,1395,46977,868,66125,1566,113102,California
Santa Cruz,2021-04-06,3391,179965,1670,72987,1340,103736,381,3242,1988,47950,1393,67518,2366,115468,California
Santa Cruz,2021-04-07,4152,184117,1639,74626,2151,105887,362,3604,1867,47897,2281,69799,2228,117696,California
Santa Cruz,2021-04-08,4270,188387,2350,76976,1404,107291,516,4120,2514,49177,1746,71545,3026,120722,California
Santa Cruz,2021-04-09,3581,191968,1524,78500,1656,108947,401,4521,1980,49963,1596,73141,2382,123104,California
Santa Cruz,2021-04-10,2265,194233,1102,79602,913,109860,250,4771,1076,50102,1186,74327,1325,124429,California
Santa Cruz,2021-04-11,1001,195234,527,80129,382,110242,92,4863,487,50167,514,74841,579,125008,California
Santa Cruz,2021-04-12,2305,197539,833,80962,1038,111280,434,5297,1104,50518,1186,76027,1537,126545,California
Santa Cruz,2021-04-13,2903,200442,1461,82423,1440,112720,2,5299,1635,50893,1262,77289,1637,128182,California
Santa Cruz,2021-04-14,4634,205076,2253,84676,2381,115101,0,5299,2385,51039,2240,79529,2386,130568,California
Santa Cruz,2021-04-15,4790,209866,2979,87655,1811,116912,0,5299,3138,52535,1642,81171,3138,133706,California
Santa Cruz,2021-04-16,4426,214292,2543,90198,1881,118793,2,5301,2470,53059,1949,83120,2473,136179,California
Santa Cruz,2021-04-17,2255,216547,894,91092,1361,120154,0,5301,1496,53798,757,83877,1496,137675,California
Santa Cruz,2021-04-18,1072,217619,512,91604,560,120714,0,5301,597,53922,473,84350,597,138272,California
Santa Cruz,2021-04-19,2435,220054,1526,93130,908,121622,1,5302,1504,54498,928,85278,1504,139776,California
Santa Cruz,2021-04-20,3119,223173,1697,94827,1422,123044,0,5302,1779,54948,1330,86608,1780,141556,California
Santa Cruz,2021-04-21,4229,227402,2878,97705,1351,124395,0,5302,2369,55473,1845,88453,2370,143926,California
Santa Cruz,2021-04-22,4203,231605,2837,100542,1366,125761,0,5302,2329,55937,1866,90319,2330,146256,California
Santa Cruz,2021-04-23,2887,234492,1677,102219,1209,126970,1,5303,1284,55627,1595,91914,1285,147541,California
Santa Cruz,2021-04-24,1863,236355,911,103130,952,127922,0,5303,501,54775,1353,93267,501,148042,California
Santa Cruz,2021-04-25,852,237207,530,103660,320,128242,2,5305,359,54648,488,93755,361,148403,California
Santa Cruz,2021-04-26,1376,238583,754,104414,607,128849,15,5320,528,54353,839,94594,544,148947,California
Santa Cruz,2021-04-27,1459,240042,331,104745,1120,129969,8,5328,672,54249,786,95380,682,149629,California
Shasta,2020-12-16,131,131,131,131,0,0,0,0,131,131,0,0,131,131,California
Shasta,2020-12-17,417,548,417,548,0,0,0,0,417,548,0,0,417,548,California
Shasta,2020-12-18,166,714,166,714,0,0,0,0,166,714,0,0,166,714,California
Shasta,2020-12-19,1,715,1,715,0,0,0,0,1,715,0,0,1,715,California
Shasta,2020-12-21,80,795,80,795,0,0,0,0,80,795,0,0,80,795,California
Shasta,2020-12-22,191,986,186,981,5,5,0,0,191,986,0,0,191,986,California
Shasta,2020-12-23,174,1160,170,1151,4,9,0,0,174,1160,0,0,174,1160,California
Shasta,2020-12-24,18,1178,18,1169,0,9,0,0,18,1178,0,0,18,1178,California
Shasta,2020-12-26,4,1182,1,1170,3,12,0,0,4,1182,0,0,4,1182,California
Shasta,2020-12-27,1,1183,0,1170,1,13,0,0,1,1183,0,0,1,1183,California
Shasta,2020-12-28,40,1223,31,1201,9,22,0,0,40,1223,0,0,40,1223,California
Shasta,2020-12-29,186,1409,185,1386,1,23,0,0,186,1409,0,0,186,1409,California
Shasta,2020-12-30,178,1587,168,1554,10,33,0,0,178,1587,0,0,178,1587,California
Shasta,2020-12-31,83,1670,2,1556,81,114,0,0,83,1670,0,0,83,1670,California
Shasta,2021-01-02,2,1672,0,1556,2,116,0,0,2,1672,0,0,2,1672,California
Shasta,2021-01-03,1,1673,1,1557,0,116,0,0,1,1673,0,0,1,1673,California
Shasta,2021-01-04,347,2020,306,1863,41,157,0,0,348,2021,0,0,348,2021,California
Shasta,2021-01-05,335,2355,314,2177,21,178,0,0,254,2194,81,81,254,2275,California
Shasta,2021-01-06,437,2792,395,2572,42,220,0,0,175,2108,261,342,175,2450,California
Shasta,2021-01-07,116,2908,35,2607,81,301,0,0,95,2182,21,363,95,2545,California
Shasta,2021-01-08,507,3415,447,3054,60,361,0,0,299,2273,208,571,299,2844,California
Shasta,2021-01-09,72,3487,63,3117,9,370,0,0,70,2341,2,573,70,2914,California
Shasta,2021-01-10,5,3492,0,3117,5,375,0,0,4,2345,1,574,5,2919,California
Shasta,2021-01-11,353,3845,185,3302,168,543,0,0,317,2626,36,610,317,3236,California
Shasta,2021-01-12,444,4289,327,3629,117,660,0,0,270,2722,174,784,270,3506,California
Shasta,2021-01-13,541,4830,268,3897,273,933,0,0,371,2923,170,954,371,3877,California
Shasta,2021-01-14,453,5283,51,3948,402,1335,0,0,435,3340,18,972,435,4312,California
Shasta,2021-01-15,638,5921,136,4084,502,1837,0,0,636,3974,2,974,636,4948,California
Shasta,2021-01-16,898,6819,54,4138,844,2681,0,0,895,4866,3,977,895,5843,California
Shasta,2021-01-17,27,6846,6,4144,21,2702,0,0,23,4885,4,981,23,5866,California
Shasta,2021-01-18,598,7444,129,4273,469,3171,0,0,590,5467,8,989,590,6456,California
Shasta,2021-01-19,1018,8462,397,4670,621,3792,0,0,870,6189,148,1137,870,7326,California
Shasta,2021-01-20,677,9139,409,5079,268,4060,0,0,493,6503,179,1316,493,7819,California
Shasta,2021-01-21,630,9769,277,5356,353,4413,0,0,607,7087,23,1339,607,8426,California
Shasta,2021-01-22,446,10215,171,5527,275,4688,0,0,440,7521,6,1345,440,8866,California
Shasta,2021-01-23,68,10283,5,5532,63,4751,0,0,67,7587,1,1346,67,8933,California
Shasta,2021-01-24,25,10308,2,5534,23,4774,0,0,24,7610,1,1347,24,8957,California
Shasta,2021-01-25,750,11058,491,6025,259,5033,0,0,464,7789,285,1632,464,9421,California
Shasta,2021-01-26,708,11766,332,6357,376,5409,0,0,475,8033,231,1863,475,9896,California
Shasta,2021-01-27,459,12225,179,6536,280,5689,0,0,410,8394,49,1912,410,10306,California
Shasta,2021-01-28,855,13080,576,7112,279,5968,0,0,633,8805,222,2134,633,10939,California
Shasta,2021-01-29,831,13911,330,7442,501,6469,0,0,641,9257,190,2324,642,11581,California
Shasta,2021-01-30,616,14527,14,7456,602,7071,0,0,607,9855,9,2333,607,12188,California
Shasta,2021-01-31,28,14555,4,7460,24,7095,0,0,26,9879,2,2335,26,12214,California
Shasta,2021-02-01,510,15065,148,7608,362,7457,0,0,386,10141,124,2459,386,12600,California
Shasta,2021-02-02,939,16004,494,8102,445,7902,0,0,848,10900,89,2548,848,13448,California
Shasta,2021-02-03,677,16681,210,8312,467,8369,0,0,481,11185,196,2744,481,13929,California
Shasta,2021-02-04,1071,17752,663,8975,408,8777,0,0,880,11875,190,2934,880,14809,California
Shasta,2021-02-05,1222,18974,163,9138,1059,9836,0,0,1033,12720,188,3122,1033,15842,California
Shasta,2021-02-06,1733,20707,41,9179,1692,11528,0,0,1710,14407,23,3145,1710,17552,California
Shasta,2021-02-07,26,20733,3,9182,23,11551,0,0,24,14429,2,3147,24,17576,California
Shasta,2021-02-08,540,21273,167,9349,373,11924,0,0,303,14495,237,3384,303,17879,California
Shasta,2021-02-09,1026,22299,651,10000,375,12299,0,0,676,14821,350,3734,676,18555,California
Shasta,2021-02-10,1085,23384,782,10782,303,12602,0,0,595,14926,491,4225,596,19151,California
Shasta,2021-02-11,784,24168,186,10968,598,13200,0,0,303,14753,476,4701,303,19454,California
Shasta,2021-02-12,1663,25831,1142,12110,521,13721,0,0,1169,15428,494,5195,1169,20623,California
Shasta,2021-02-13,1383,27214,367,12477,1016,14737,0,0,571,15186,813,6008,571,21194,California
Shasta,2021-02-14,149,27363,4,12481,145,14882,0,0,125,15287,24,6032,125,21319,California
Shasta,2021-02-15,380,27743,90,12571,290,15172,0,0,211,15329,169,6201,211,21530,California
Shasta,2021-02-16,1086,28829,515,13086,571,15743,0,0,319,14882,766,6967,319,21849,California
Shasta,2021-02-17,994,29823,438,13524,556,16299,0,0,376,14640,618,7585,376,22225,California
Shasta,2021-02-18,875,30698,442,13966,433,16732,0,0,428,14621,447,8032,428,22653,California
Shasta,2021-02-19,1329,32027,936,14902,393,17125,0,0,861,15014,468,8500,861,23514,California
Shasta,2021-02-20,802,32829,89,14991,713,17838,0,0,303,14818,499,8999,303,23817,California
Shasta,2021-02-21,31,32860,2,14993,29,17867,0,0,9,14805,22,9021,9,23826,California
Shasta,2021-02-22,348,33208,74,15067,274,18141,0,0,99,14656,248,9269,99,23925,California
Shasta,2021-02-23,802,34010,467,15534,335,18476,0,0,217,14288,585,9854,217,24142,California
Shasta,2021-02-24,885,34895,504,16038,381,18857,0,0,270,13944,614,10468,270,24412,California
Shasta,2021-02-25,480,35375,159,16197,321,19178,0,0,159,13783,320,10788,159,24571,California
Shasta,2021-02-26,791,36166,95,16292,696,19874,0,0,331,13656,458,11246,331,24902,California
Shasta,2021-02-27,831,36997,27,16319,804,20678,0,0,190,13207,639,11885,190,25092,California
Shasta,2021-02-28,176,37173,4,16323,172,20850,0,0,126,13283,50,11935,126,25218,California
Shasta,2021-03-01,555,37728,59,16382,496,21346,0,0,266,13261,288,12223,266,25484,California
Shasta,2021-03-02,952,38680,465,16847,487,21833,0,0,268,12847,682,12905,268,25752,California
Shasta,2021-03-03,661,39341,166,17013,495,22328,0,0,241,12668,420,13325,241,25993,California
Shasta,2021-03-04,2236,41577,1684,18697,552,22880,0,0,1257,12948,978,14303,1258,27251,California
Shasta,2021-03-05,1534,43111,162,18859,1343,24223,29,29,790,13022,745,15048,819,28070,California
Shasta,2021-03-06,2716,45827,386,19245,2283,26506,47,76,859,12072,1856,16904,906,28976,California
Shasta,2021-03-07,91,45918,3,19248,56,26562,32,108,37,12087,54,16958,69,29045,California
Shasta,2021-03-08,559,46477,47,19295,373,26935,139,247,146,11961,411,17369,285,29330,California
Shasta,2021-03-09,624,47101,48,19343,398,27333,178,425,249,12012,375,17744,426,29756,California
Shasta,2021-03-10,797,47898,256,19599,339,27672,202,627,132,11681,664,18408,333,30089,California
Shasta,2021-03-11,1047,48945,173,19772,628,28300,246,873,646,12172,401,18809,892,30981,California
Shasta,2021-03-12,1496,50441,835,20607,418,28718,243,1116,394,11706,1101,19910,635,31616,California
Shasta,2021-03-13,757,51198,425,21032,232,28950,100,1216,474,11997,282,20192,573,32189,California
Shasta,2021-03-14,365,51563,8,21040,335,29285,22,1238,227,12108,138,20330,249,32438,California
Shasta,2021-03-15,496,52059,35,21075,361,29646,100,1338,209,12129,287,20617,308,32746,California
Shasta,2021-03-16,1085,53144,146,21221,872,30518,67,1405,806,12723,279,20896,873,33619,California
Shasta,2021-03-17,688,53832,190,21411,440,30958,58,1463,389,12877,293,21189,447,34066,California
Shasta,2021-03-18,1073,54905,236,21647,734,31692,103,1566,799,13509,270,21459,902,34968,California
Shasta,2021-03-19,630,55535,197,21844,378,32070,55,1621,398,13731,231,21690,453,35421,California
Shasta,2021-03-20,747,56282,490,22334,243,32313,14,1635,599,14196,148,21838,613,36034,California
Shasta,2021-03-21,312,56594,297,22631,4,32317,11,1646,286,14468,25,21863,297,36331,California
Shasta,2021-03-22,343,56937,37,22668,276,32593,30,1676,201,14558,141,22004,231,36562,California
Shasta,2021-03-23,816,57753,158,22826,600,33193,58,1734,625,15055,186,22190,683,37245,California
Shasta,2021-03-24,518,58271,156,22982,325,33518,37,1771,359,15293,158,22348,396,37641,California
Shasta,2021-03-25,780,59051,194,23176,569,34087,17,1788,637,15807,140,22488,654,38295,California
Shasta,2021-03-26,1530,60581,1099,24275,401,34488,30,1818,1173,16654,357,22845,1204,39499,California
Shasta,2021-03-27,1557,62138,405,24680,316,34804,836,2654,572,17076,983,23828,1405,40904,California
Shasta,2021-03-28,404,62542,299,24979,95,34899,10,2664,302,17288,100,23928,312,41216,California
Shasta,2021-03-29,417,62959,41,25020,364,35263,12,2676,163,17210,253,24181,175,41391,California
Shasta,2021-03-30,528,63487,186,25206,335,35598,7,2683,321,17334,204,24385,328,41719,California
Shasta,2021-03-31,622,64109,208,25414,409,36007,5,2688,387,17496,230,24615,392,42111,California
Shasta,2021-04-01,780,64889,245,25659,528,36535,7,2695,553,17829,227,24842,560,42671,California
Shasta,2021-04-02,748,65637,202,25861,494,37029,52,2747,411,17958,334,25176,463,43134,California
Shasta,2021-04-03,518,66155,366,26227,133,37162,19,2766,394,18247,124,25300,413,43547,California
Shasta,2021-04-04,292,66447,178,26405,94,37256,20,2786,218,18411,74,25374,238,43785,California
Shasta,2021-04-05,439,66886,67,26472,309,37565,63,2849,253,18541,186,25560,316,44101,California
Shasta,2021-04-06,719,67605,171,26643,377,37942,171,3020,275,18544,442,26002,445,44546,California
Shasta,2021-04-07,649,68254,211,26854,275,38217,163,3183,254,18571,390,26392,417,44963,California
Shasta,2021-04-08,1053,69307,260,27114,640,38857,153,3336,229,18131,822,27214,382,45345,California
Shasta,2021-04-09,2576,71883,2060,29174,307,39164,209,3545,2015,19797,556,27770,2222,47567,California
Shasta,2021-04-10,876,72759,594,29768,154,39318,128,3673,264,19577,612,28382,392,47959,California
Shasta,2021-04-11,450,73209,396,30164,34,39352,20,3693,140,19430,307,28689,160,48119,California
Shasta,2021-04-12,332,73541,8,30172,264,39616,60,3753,96,19350,235,28924,155,48274,California
Shasta,2021-04-13,983,74524,162,30334,819,40435,2,3755,231,18831,751,29675,232,48506,California
Shasta,2021-04-14,602,75126,143,30477,457,40892,2,3757,225,18682,376,30051,227,48733,California
Shasta,2021-04-15,989,76115,259,30736,730,41622,0,3757,303,18301,684,30735,303,49036,California
Shasta,2021-04-16,2327,78442,1833,32569,494,42116,0,3757,951,18119,1376,32111,1194,50230,California
Shasta,2021-04-17,641,79083,410,32979,231,42347,0,3757,196,17870,445,32556,196,50426,California
Shasta,2021-04-18,266,79349,241,33220,25,42372,0,3757,33,17672,231,32787,33,50459,California
Shasta,2021-04-19,383,79732,31,33251,352,42724,0,3757,165,17619,218,33005,165,50624,California
Shasta,2021-04-20,923,80655,257,33508,666,43390,0,3757,296,17289,626,33631,296,50920,California
Shasta,2021-04-21,550,81205,214,33722,336,43726,0,3757,281,17301,269,33900,281,51201,California
Shasta,2021-04-22,889,82094,289,34011,600,44326,0,3757,280,16974,607,34507,280,51481,California
Shasta,2021-04-23,627,82721,265,34276,362,44688,0,3757,303,16953,324,34831,303,51784,California
Shasta,2021-04-24,303,83024,86,34362,217,44905,0,3757,77,16804,226,35057,77,51861,California
Shasta,2021-04-25,98,83122,67,34429,31,44936,0,3757,36,16778,62,35119,36,51897,California
Shasta,2021-04-26,365,83487,54,34483,306,45242,5,3762,267,16952,97,35216,271,52168,California
Shasta,2021-04-27,155,83642,54,34537,96,45338,5,3767,83,16968,70,35286,86,52254,California
Sierra,2020-12-18,1,1,1,1,0,0,0,0,1,1,0,0,1,1,California
Sierra,2020-12-21,2,3,2,3,0,0,0,0,2,3,0,0,2,3,California
Sierra,2020-12-22,12,15,12,15,0,0,0,0,12,15,0,0,12,15,California
Sierra,2020-12-23,4,19,4,19,0,0,0,0,4,19,0,0,4,19,California
Sierra,2020-12-28,1,20,0,19,1,1,0,0,1,20,0,0,1,20,California
Sierra,2020-12-29,49,69,7,26,42,43,0,0,49,69,0,0,49,69,California
Sierra,2020-12-30,2,71,0,26,2,45,0,0,2,71,0,0,2,71,California
Sierra,2020-12-31,13,84,0,26,13,58,0,0,13,84,0,0,13,84,California
Sierra,2021-01-01,1,85,1,27,0,58,0,0,1,85,0,0,1,85,California
Sierra,2021-01-05,64,149,2,29,62,120,0,0,64,149,0,0,64,149,California
Sierra,2021-01-06,1,150,1,30,0,120,0,0,1,150,0,0,1,150,California
Sierra,2021-01-07,21,171,1,31,20,140,0,0,20,169,1,1,20,170,California
Sierra,2021-01-08,1,172,1,32,0,140,0,0,1,170,0,1,1,171,California
Sierra,2021-01-11,3,175,3,35,0,140,0,0,0,167,3,4,0,171,California
Sierra,2021-01-12,40,215,12,47,28,168,0,0,28,183,12,16,28,199,California
Sierra,2021-01-13,4,219,3,50,1,169,0,0,1,181,3,19,1,200,California
Sierra,2021-01-14,35,254,2,52,33,202,0,0,35,216,0,19,35,235,California
Sierra,2021-01-15,3,257,1,53,2,204,0,0,3,219,0,19,3,238,California
Sierra,2021-01-18,2,259,0,53,2,206,0,0,2,221,0,19,2,240,California
Sierra,2021-01-19,32,291,0,53,32,238,0,0,32,253,0,19,32,272,California
Sierra,2021-01-20,1,292,1,54,0,238,0,0,1,254,0,19,1,273,California
Sierra,2021-01-21,53,345,0,54,53,291,0,0,53,307,0,19,53,326,California
Sierra,2021-01-22,2,347,0,54,2,293,0,0,2,309,0,19,2,328,California
Sierra,2021-01-23,2,349,0,54,2,295,0,0,2,311,0,19,2,330,California
Sierra,2021-01-26,62,411,0,54,62,357,0,0,24,297,38,57,24,354,California
Sierra,2021-01-27,4,415,4,58,0,357,0,0,0,293,4,61,0,354,California
Sierra,2021-01-28,53,468,0,58,53,410,0,0,43,326,10,71,43,397,California
Sierra,2021-01-29,2,470,0,58,2,412,0,0,2,328,0,71,2,399,California
Sierra,2021-01-30,3,473,3,61,0,412,0,0,2,329,1,72,2,401,California
Sierra,2021-02-01,1,474,0,61,1,413,0,0,0,328,1,73,0,401,California
Sierra,2021-02-02,58,532,1,62,57,470,0,0,19,308,39,112,19,420,California
Sierra,2021-02-03,6,538,5,67,1,471,0,0,5,312,1,113,5,425,California
Sierra,2021-02-04,105,643,6,73,99,570,0,0,56,319,49,162,56,481,California
Sierra,2021-02-05,6,649,4,77,2,572,0,0,5,323,1,163,5,486,California
Sierra,2021-02-09,51,700,0,77,51,623,0,0,48,368,3,166,48,534,California
Sierra,2021-02-10,5,705,2,79,3,626,0,0,4,371,1,167,4,538,California
Sierra,2021-02-11,196,901,1,80,195,821,0,0,134,443,62,229,134,672,California
Sierra,2021-02-12,21,922,0,80,21,842,0,0,20,462,1,230,20,692,California
Sierra,2021-02-13,1,923,1,81,0,842,0,0,1,463,0,230,1,693,California
Sierra,2021-02-14,1,924,0,81,1,843,0,0,1,464,0,230,1,694,California
Sierra,2021-02-15,2,926,2,83,0,843,0,0,0,462,2,232,0,694,California
Sierra,2021-02-16,43,969,0,83,43,886,0,0,10,439,33,265,10,704,California
Sierra,2021-02-17,4,973,0,83,4,890,0,0,1,437,3,268,1,705,California
Sierra,2021-02-18,141,1114,0,83,141,1031,0,0,91,478,50,318,91,796,California
Sierra,2021-02-19,2,1116,1,84,1,1032,0,0,1,478,1,319,1,797,California
Sierra,2021-02-20,2,1118,2,86,0,1032,0,0,0,476,2,321,0,797,California
Sierra,2021-02-22,1,1119,1,87,0,1032,0,0,1,477,0,321,1,798,California
Sierra,2021-02-23,4,1123,0,87,4,1036,0,0,4,481,0,321,4,802,California
Sierra,2021-02-24,4,1127,3,90,1,1037,0,0,3,483,1,322,3,805,California
Sierra,2021-02-25,125,1252,2,92,123,1160,0,0,58,475,66,388,58,863,California
Sierra,2021-02-26,11,1263,6,98,5,1165,0,0,4,472,7,395,4,867,California
Sierra,2021-02-27,2,1265,2,100,0,1165,0,0,0,470,2,397,0,867,California
Sierra,2021-03-01,2,1267,2,102,0,1165,0,0,0,468,2,399,0,867,California
Sierra,2021-03-02,56,1323,0,102,56,1221,0,0,38,488,18,417,38,905,California
Sierra,2021-03-03,2,1325,2,104,0,1221,0,0,1,488,1,418,1,906,California
Sierra,2021-03-04,108,1433,0,104,108,1329,0,0,58,496,50,468,58,964,California
Sierra,2021-03-05,13,1446,1,105,12,1341,0,0,11,505,2,470,11,975,California
Sierra,2021-03-07,1,1447,1,106,0,1341,0,0,0,504,1,471,0,975,California
Sierra,2021-03-08,2,1449,2,108,0,1341,0,0,2,506,0,471,2,977,California
Sierra,2021-03-09,56,1505,0,108,56,1397,0,0,12,474,44,515,12,989,California
Sierra,2021-03-10,6,1511,0,108,6,1403,0,0,4,476,2,517,4,993,California
Sierra,2021-03-11,175,1686,0,108,175,1578,0,0,43,388,131,648,43,1036,California
Sierra,2021-03-12,20,1706,1,109,19,1597,0,0,0,368,20,668,0,1036,California
Sierra,2021-03-13,28,1734,0,109,28,1625,0,0,28,396,0,668,28,1064,California
Sierra,2021-03-14,1,1735,0,109,0,1625,1,1,0,396,1,669,1,1065,California
Sierra,2021-03-15,2,1737,1,110,1,1626,0,1,0,394,2,671,0,1065,California
Sierra,2021-03-16,36,1773,0,110,35,1661,1,2,23,405,13,684,24,1089,California
Sierra,2021-03-17,4,1777,3,113,1,1662,0,2,1,403,3,687,1,1090,California
Sierra,2021-03-18,158,1935,0,113,158,1820,0,2,65,375,93,780,65,1155,California
Sierra,2021-03-19,4,1939,2,115,2,1822,0,2,1,373,3,783,1,1156,California
Sierra,2021-03-20,1,1940,0,115,1,1823,0,2,1,374,0,783,1,1157,California
Sierra,2021-03-23,22,1962,0,115,22,1845,0,2,13,378,9,792,13,1170,California
Sierra,2021-03-24,3,1965,1,116,2,1847,0,2,1,377,2,794,1,1171,California
Sierra,2021-03-25,100,2065,1,117,99,1946,0,2,51,379,49,843,51,1222,California
Sierra,2021-03-26,12,2077,1,118,11,1957,0,2,9,385,3,846,9,1231,California
Sierra,2021-03-27,2,2079,1,119,1,1958,0,2,0,383,2,848,0,1231,California
Sierra,2021-03-29,1,2080,1,120,0,1958,0,2,0,382,1,849,0,1231,California
Sierra,2021-03-30,55,2135,1,121,54,2012,0,2,22,371,33,882,22,1253,California
Sierra,2021-03-31,8,2143,0,121,8,2020,0,2,8,379,0,882,8,1261,California
Sierra,2021-04-01,60,2203,2,123,58,2078,0,2,6,331,54,936,6,1267,California
Sierra,2021-04-02,3,2206,2,125,1,2079,0,2,2,332,1,937,2,1269,California
Sierra,2021-04-05,1,2207,1,126,0,2079,0,2,1,333,0,937,1,1270,California
Sierra,2021-04-06,10,2217,0,126,10,2089,0,2,0,323,10,947,0,1270,California
Sierra,2021-04-07,15,2232,3,129,6,2095,6,8,3,321,11,958,9,1279,California
Sierra,2021-04-08,54,2286,2,131,52,2147,0,8,17,301,37,995,17,1296,California
Sierra,2021-04-09,2,2288,2,133,0,2147,0,8,1,301,1,996,1,1297,California
Sierra,2021-04-10,27,2315,0,133,27,2174,0,8,0,274,27,1023,0,1297,California
Sierra,2021-04-13,46,2361,0,133,46,2220,0,8,5,238,41,1064,5,1302,California
Sierra,2021-04-14,2,2363,1,134,1,2221,0,8,2,240,0,1064,2,1304,California
Sierra,2021-04-15,49,2412,1,135,48,2269,0,8,2,195,47,1111,2,1306,California
Sierra,2021-04-16,1,2413,0,135,1,2270,0,8,1,196,0,1111,1,1307,California
Sierra,2021-04-17,2,2415,1,136,1,2271,0,8,1,196,1,1112,1,1308,California
Sierra,2021-04-19,1,2416,1,137,0,2271,0,8,0,195,1,1113,0,1308,California
Sierra,2021-04-20,34,2450,1,138,33,2304,0,8,7,175,27,1140,7,1315,California
Sierra,2021-04-21,2,2452,1,139,1,2305,0,8,1,175,1,1141,1,1316,California
Sierra,2021-04-22,64,2516,2,141,62,2367,0,8,3,118,60,1201,3,1319,California
Sierra,2021-04-23,12,2528,0,141,12,2379,0,8,4,114,8,1209,4,1323,California
Sierra,2021-04-24,4,2532,0,141,4,2383,0,8,4,118,0,1209,4,1327,California
Sierra,2021-04-27,1,2533,1,142,0,2383,0,8,1,119,0,1209,1,1328,California
Siskiyou,2020-12-16,2,2,2,2,0,0,0,0,2,2,0,0,2,2,California
Siskiyou,2020-12-17,4,6,4,6,0,0,0,0,4,6,0,0,4,6,California
Siskiyou,2020-12-18,2,8,2,8,0,0,0,0,2,8,0,0,2,8,California
Siskiyou,2020-12-19,4,12,4,12,0,0,0,0,4,12,0,0,4,12,California
Siskiyou,2020-12-20,1,13,1,13,0,0,0,0,1,13,0,0,1,13,California
Siskiyou,2020-12-21,132,145,132,145,0,0,0,0,132,145,0,0,132,145,California
Siskiyou,2020-12-22,159,304,159,304,0,0,0,0,159,304,0,0,159,304,California
Siskiyou,2020-12-23,142,446,142,446,0,0,0,0,142,446,0,0,142,446,California
Siskiyou,2020-12-24,5,451,5,451,0,0,0,0,5,451,0,0,5,451,California
Siskiyou,2020-12-26,2,453,0,451,2,2,0,0,2,453,0,0,2,453,California
Siskiyou,2020-12-27,2,455,0,451,2,4,0,0,2,455,0,0,2,455,California
Siskiyou,2020-12-28,3,458,1,452,2,6,0,0,3,458,0,0,3,458,California
Siskiyou,2020-12-29,6,464,2,454,4,10,0,0,6,464,0,0,6,464,California
Siskiyou,2020-12-30,98,562,3,457,95,105,0,0,98,562,0,0,98,562,California
Siskiyou,2020-12-31,12,574,0,457,12,117,0,0,12,574,0,0,12,574,California
Siskiyou,2021-01-02,1,575,1,458,0,117,0,0,1,575,0,0,1,575,California
Siskiyou,2021-01-03,1,576,0,458,1,118,0,0,1,576,0,0,1,576,California
Siskiyou,2021-01-04,130,706,3,461,127,245,0,0,130,706,0,0,130,706,California
Siskiyou,2021-01-05,117,823,4,465,113,358,0,0,116,821,1,1,116,822,California
Siskiyou,2021-01-06,59,882,6,471,53,411,0,0,55,872,4,5,55,877,California
Siskiyou,2021-01-07,177,1059,4,475,173,584,0,0,176,1047,1,6,176,1053,California
Siskiyou,2021-01-08,41,1100,3,478,38,622,0,0,39,1084,2,8,39,1092,California
Siskiyou,2021-01-09,2,1102,2,480,0,622,0,0,0,1082,2,10,0,1092,California
Siskiyou,2021-01-11,226,1328,65,545,161,783,0,0,163,1182,63,73,163,1255,California
Siskiyou,2021-01-12,322,1650,274,819,48,831,0,0,88,1037,234,307,89,1344,California
Siskiyou,2021-01-13,157,1807,137,956,20,851,0,0,23,926,134,441,23,1367,California
Siskiyou,2021-01-14,26,1833,1,957,25,876,0,0,25,950,1,442,25,1392,California
Siskiyou,2021-01-15,35,1868,3,960,32,908,0,0,35,985,0,442,35,1427,California
Siskiyou,2021-01-16,7,1875,2,962,5,913,0,0,7,992,0,442,7,1434,California
Siskiyou,2021-01-17,1,1876,1,963,0,913,0,0,0,991,1,443,0,1434,California
Siskiyou,2021-01-18,76,1952,4,967,72,985,0,0,74,1063,2,445,74,1508,California
Siskiyou,2021-01-19,21,1973,1,968,20,1005,0,0,20,1082,1,446,20,1528,California
Siskiyou,2021-01-20,46,2019,34,1002,12,1017,0,0,42,1120,4,450,42,1570,California
Siskiyou,2021-01-21,42,2061,1,1003,41,1058,0,0,42,1162,0,450,42,1612,California
Siskiyou,2021-01-22,1329,3390,1177,2180,152,1210,0,0,1329,2491,0,450,1329,2941,California
Siskiyou,2021-01-23,5,3395,1,2181,4,1214,0,0,2,2490,3,453,2,2943,California
Siskiyou,2021-01-25,182,3577,8,2189,174,1388,0,0,178,2664,4,457,178,3121,California
Siskiyou,2021-01-26,148,3725,3,2192,145,1533,0,0,140,2796,8,465,140,3261,California
Siskiyou,2021-01-27,181,3906,1,2193,180,1713,0,0,126,2867,55,520,126,3387,California
Siskiyou,2021-01-28,232,4138,118,2311,114,1827,0,0,226,3087,6,526,226,3613,California
Siskiyou,2021-01-29,248,4386,2,2313,246,2073,0,0,246,3331,2,528,246,3859,California
Siskiyou,2021-01-30,3,4389,2,2315,1,2074,0,0,3,3334,0,528,3,3862,California
Siskiyou,2021-02-01,195,4584,3,2318,192,2266,0,0,105,3349,90,618,105,3967,California
Siskiyou,2021-02-02,289,4873,45,2363,244,2510,0,0,147,3354,142,760,147,4114,California
Siskiyou,2021-02-03,313,5186,1,2364,312,2822,0,0,264,3569,49,809,264,4378,California
Siskiyou,2021-02-04,320,5506,7,2371,313,3135,0,0,200,3649,120,929,200,4578,California
Siskiyou,2021-02-05,512,6018,4,2375,508,3643,0,0,347,3831,165,1094,347,4925,California
Siskiyou,2021-02-06,15,6033,0,2375,15,3658,0,0,15,3846,0,1094,15,4940,California
Siskiyou,2021-02-07,3,6036,2,2377,1,3659,0,0,3,3849,0,1094,3,4943,California
Siskiyou,2021-02-08,221,6257,5,2382,216,3875,0,0,216,4060,5,1099,216,5159,California
Siskiyou,2021-02-09,196,6453,4,2386,192,4067,0,0,163,4190,33,1132,163,5322,California
Siskiyou,2021-02-10,369,6822,39,2425,330,4397,0,0,316,4454,52,1184,316,5638,California
Siskiyou,2021-02-11,191,7013,1,2426,190,4587,0,0,175,4613,16,1200,175,5813,California
Siskiyou,2021-02-12,1692,8705,1200,3626,492,5079,0,0,501,3923,1191,2391,501,6314,California
Siskiyou,2021-02-13,36,8741,2,3628,34,5113,0,0,32,3951,4,2395,32,6346,California
Siskiyou,2021-02-14,5,8746,1,3629,4,5117,0,0,5,3956,0,2395,5,6351,California
Siskiyou,2021-02-15,107,8853,10,3639,97,5214,0,0,105,4059,2,2397,105,6456,California
Siskiyou,2021-02-16,114,8967,2,3641,112,5326,0,0,99,4143,15,2412,99,6555,California
Siskiyou,2021-02-17,184,9151,15,3656,169,5495,0,0,170,4299,14,2426,170,6725,California
Siskiyou,2021-02-18,221,9372,89,3745,132,5627,0,0,98,4274,123,2549,98,6823,California
Siskiyou,2021-02-19,70,9442,33,3778,37,5664,0,0,34,4272,36,2585,34,6857,California
Siskiyou,2021-02-20,21,9463,3,3781,18,5682,0,0,17,4285,4,2589,17,6874,California
Siskiyou,2021-02-21,1,9464,1,3782,0,5682,0,0,1,4286,0,2589,1,6875,California
Siskiyou,2021-02-22,124,9588,1,3783,123,5805,0,0,18,4198,106,2695,18,6893,California
Siskiyou,2021-02-23,195,9783,15,3798,180,5985,0,0,51,4105,144,2839,51,6944,California
Siskiyou,2021-02-24,147,9930,4,3802,143,6128,0,0,35,4028,112,2951,35,6979,California
Siskiyou,2021-02-25,300,10230,24,3826,276,6404,0,0,154,4036,146,3097,154,7133,California
Siskiyou,2021-02-26,667,10897,9,3835,658,7062,0,0,365,4099,302,3399,365,7498,California
Siskiyou,2021-02-27,33,10930,5,3840,28,7090,0,0,28,4122,5,3404,28,7526,California
Siskiyou,2021-02-28,5,10935,4,3844,1,7091,0,0,4,4125,1,3405,4,7530,California
Siskiyou,2021-03-01,280,11215,6,3850,274,7365,0,0,50,3945,230,3635,50,7580,California
Siskiyou,2021-03-02,190,11405,1,3851,189,7554,0,0,70,3895,120,3755,70,7650,California
Siskiyou,2021-03-03,343,11748,7,3858,336,7890,0,0,153,3858,190,3945,153,7803,California
Siskiyou,2021-03-04,783,12531,611,4469,172,8062,0,0,628,4331,155,4100,628,8431,California
Siskiyou,2021-03-05,324,12855,6,4475,307,8369,11,11,104,4229,217,4317,115,8546,California
Siskiyou,2021-03-06,42,12897,2,4477,33,8402,7,18,27,4248,15,4332,34,8580,California
Siskiyou,2021-03-07,12,12909,4,4481,0,8402,8,26,3,4250,9,4341,11,8591,California
Siskiyou,2021-03-08,361,13270,31,4512,295,8697,35,61,59,4042,302,4643,94,8685,California
Siskiyou,2021-03-09,162,13432,0,4512,109,8806,53,114,56,4045,106,4749,109,8794,California
Siskiyou,2021-03-10,221,13653,7,4519,184,8990,30,144,31,3916,190,4939,61,8855,California
Siskiyou,2021-03-11,469,14122,203,4722,219,9209,47,191,270,4035,198,5137,317,9172,California
Siskiyou,2021-03-12,646,14768,141,4863,466,9675,39,230,184,3798,460,5597,223,9395,California
Siskiyou,2021-03-13,428,15196,381,5244,24,9699,23,253,382,4157,46,5643,405,9800,California
Siskiyou,2021-03-14,21,15217,1,5245,4,9703,16,269,3,4158,18,5661,19,9819,California
Siskiyou,2021-03-15,453,15670,257,5502,176,9879,20,289,321,4367,132,5793,341,10160,California
Siskiyou,2021-03-16,255,15925,32,5534,206,10085,17,306,140,4410,114,5907,157,10317,California
Siskiyou,2021-03-17,201,16126,9,5543,184,10269,8,314,34,4285,167,6074,42,10359,California
Siskiyou,2021-03-18,925,17051,787,6330,126,10395,12,326,809,4990,116,6190,821,11180,California
Siskiyou,2021-03-19,66,17117,9,6339,44,10439,13,339,20,4977,46,6236,33,11213,California
Siskiyou,2021-03-20,30,17147,7,6346,18,10457,5,344,6,4964,24,6260,11,11224,California
Siskiyou,2021-03-21,10,17157,4,6350,1,10458,5,349,4,4967,6,6266,9,11233,California
Siskiyou,2021-03-22,207,17364,21,6371,164,10622,22,371,144,5073,60,6326,166,11399,California
Siskiyou,2021-03-23,195,17559,19,6390,166,10788,10,381,141,5170,54,6380,151,11550,California
Siskiyou,2021-03-24,141,17700,48,6438,93,10881,0,381,116,5261,25,6405,116,11666,California
Siskiyou,2021-03-25,568,18268,318,6756,247,11128,3,384,398,5492,170,6575,401,12067,California
Siskiyou,2021-03-26,299,18567,32,6788,267,11395,0,384,100,5395,197,6772,100,12167,California
Siskiyou,2021-03-27,37,18604,4,6792,28,11423,5,389,9,5381,28,6800,14,12181,California
Siskiyou,2021-03-28,7,18611,7,6799,0,11423,0,389,4,5382,3,6803,4,12185,California
Siskiyou,2021-03-29,98,18709,11,6810,85,11508,2,391,47,5381,50,6853,49,12234,California
Siskiyou,2021-03-30,98,18807,3,6813,94,11602,1,392,38,5360,60,6913,39,12273,California
Siskiyou,2021-03-31,189,18996,22,6835,165,11767,2,394,50,5275,138,7051,53,12326,California
Siskiyou,2021-04-01,824,19820,668,7503,156,11923,0,394,216,4883,608,7659,216,12542,California
Siskiyou,2021-04-02,343,20163,196,7699,143,12066,4,398,64,4673,278,7937,68,12610,California
Siskiyou,2021-04-03,25,20188,4,7703,14,12080,7,405,5,4665,20,7957,12,12622,California
Siskiyou,2021-04-04,2,20190,2,7705,0,12080,0,405,1,4665,1,7958,1,12623,California
Siskiyou,2021-04-05,436,20626,330,8035,79,12159,27,432,24,4305,411,8369,51,12674,California
Siskiyou,2021-04-06,215,20841,32,8067,130,12289,53,485,122,4387,92,8461,174,12848,California
Siskiyou,2021-04-07,116,20957,11,8078,63,12352,42,527,66,4445,50,8511,108,12956,California
Siskiyou,2021-04-08,346,21303,183,8261,122,12474,41,568,60,4260,286,8797,101,13057,California
Siskiyou,2021-04-09,543,21846,377,8638,129,12603,37,605,84,3924,458,9255,122,13179,California
Siskiyou,2021-04-10,45,21891,6,8644,2,12605,37,642,6,3928,39,9294,43,13222,California
Siskiyou,2021-04-11,7,21898,5,8649,0,12605,2,644,2,3927,5,9299,4,13226,California
Siskiyou,2021-04-12,129,22027,25,8674,103,12708,1,645,49,3897,80,9379,50,13276,California
Siskiyou,2021-04-13,204,22231,36,8710,167,12875,1,646,78,3850,126,9505,79,13355,California
Siskiyou,2021-04-14,158,22389,66,8776,92,12967,0,646,86,3866,70,9575,86,13441,California
Siskiyou,2021-04-15,1115,23504,955,9731,160,13127,0,646,436,3623,679,10254,436,13877,California
Siskiyou,2021-04-16,287,23791,197,9928,90,13217,0,646,257,3853,29,10283,259,14136,California
Siskiyou,2021-04-17,12,23803,9,9937,3,13220,0,646,8,3857,4,10287,8,14144,California
Siskiyou,2021-04-18,5,23808,3,9940,2,13222,0,646,2,3856,3,10290,2,14146,California
Siskiyou,2021-04-19,125,23933,22,9962,103,13325,0,646,43,3817,82,10372,43,14189,California
Siskiyou,2021-04-20,238,24171,4,9966,234,13559,0,646,95,3769,143,10515,95,14284,California
Siskiyou,2021-04-21,93,24264,12,9978,81,13640,0,646,25,3726,68,10583,25,14309,California
Siskiyou,2021-04-22,411,24675,299,10277,112,13752,0,646,49,3413,362,10945,49,14358,California
Siskiyou,2021-04-23,147,24822,16,10293,131,13883,0,646,132,3532,13,10958,132,14490,California
Siskiyou,2021-04-24,14,24836,3,10296,11,13894,0,646,9,3536,5,10963,9,14499,California
Siskiyou,2021-04-25,2,24838,0,10296,2,13896,0,646,2,3538,0,10963,2,14501,California
Siskiyou,2021-04-26,52,24890,7,10303,40,13936,5,651,17,3525,35,10998,22,14523,California
Siskiyou,2021-04-27,55,24945,1,10304,54,13990,0,651,47,3565,7,11005,47,14570,California
Solano,2020-12-15,4,4,4,4,0,0,0,0,4,4,0,0,4,4,California
Solano,2020-12-16,71,75,71,75,0,0,0,0,71,75,0,0,71,75,California
Solano,2020-12-17,152,227,152,227,0,0,0,0,152,227,0,0,152,227,California
Solano,2020-12-18,445,672,444,671,1,1,0,0,445,672,0,0,445,672,California
Solano,2020-12-19,516,1188,516,1187,0,1,0,0,516,1188,0,0,516,1188,California
Solano,2020-12-20,354,1542,352,1539,2,3,0,0,354,1542,0,0,354,1542,California
Solano,2020-12-21,573,2115,571,2110,2,5,0,0,573,2115,0,0,573,2115,California
Solano,2020-12-22,662,2777,629,2739,33,38,0,0,662,2777,0,0,662,2777,California
Solano,2020-12-23,858,3635,772,3511,86,124,0,0,857,3634,0,0,857,3634,California
Solano,2020-12-24,421,4056,170,3681,251,375,0,0,421,4055,0,0,421,4055,California
Solano,2020-12-25,10,4066,2,3683,8,383,0,0,10,4065,0,0,10,4065,California
Solano,2020-12-26,175,4241,48,3731,127,510,0,0,175,4240,0,0,175,4240,California
Solano,2020-12-27,104,4345,29,3760,75,585,0,0,104,4344,0,0,104,4344,California
Solano,2020-12-28,863,5208,421,4181,442,1027,0,0,863,5207,0,0,863,5207,California
Solano,2020-12-29,891,6099,374,4555,517,1544,0,0,891,6098,0,0,891,6098,California
Solano,2020-12-30,1210,7309,599,5154,611,2155,0,0,1210,7308,0,0,1210,7308,California
Solano,2020-12-31,535,7844,135,5289,400,2555,0,0,535,7843,0,0,535,7843,California
Solano,2021-01-01,14,7858,13,5302,1,2556,0,0,14,7857,0,0,14,7857,California
Solano,2021-01-02,212,8070,164,5466,48,2604,0,0,212,8069,0,0,212,8069,California
Solano,2021-01-03,58,8128,41,5507,17,2621,0,0,53,8122,0,0,53,8122,California
Solano,2021-01-04,449,8577,245,5752,204,2825,0,0,439,8558,3,3,439,8561,California
Solano,2021-01-05,695,9272,377,6129,318,3143,0,0,541,8950,149,152,541,9102,California
Solano,2021-01-06,823,10095,436,6565,387,3530,0,0,561,9251,260,412,561,9663,California
Solano,2021-01-07,1055,11150,683,7248,372,3902,0,0,599,9397,454,866,600,10263,California
Solano,2021-01-08,1131,12281,775,8023,356,4258,0,0,539,9364,574,1440,541,10804,California
Solano,2021-01-09,885,13166,763,8786,122,4380,0,0,428,9338,454,1894,428,11232,California
Solano,2021-01-10,254,13420,194,8980,60,4440,0,0,153,9390,101,1995,153,11385,California
Solano,2021-01-11,1327,14747,1116,10096,211,4651,0,0,811,9685,516,2511,811,12196,California
Solano,2021-01-12,1561,16308,1165,11261,396,5047,0,0,1013,10152,547,3058,1014,13210,California
Solano,2021-01-13,1463,17771,1004,12265,459,5506,0,0,1203,11097,258,3316,1203,14413,California
Solano,2021-01-14,1869,19640,798,13063,1071,6577,0,0,1555,12338,314,3630,1555,15968,California
Solano,2021-01-15,1684,21324,1054,14117,630,7207,0,0,1386,13426,298,3928,1386,17354,California
Solano,2021-01-16,1290,22614,903,15020,387,7594,0,0,1115,14366,175,4103,1115,18469,California
Solano,2021-01-17,1041,23655,760,15780,281,7875,0,0,1023,15371,18,4121,1023,19492,California
Solano,2021-01-18,1407,25062,857,16637,550,8425,0,0,1288,16542,119,4240,1290,20782,California
Solano,2021-01-19,1644,26706,1336,17973,308,8733,0,0,1373,17645,270,4510,1373,22155,California
Solano,2021-01-20,2029,28735,1418,19391,611,9344,0,0,1545,18709,481,4991,1545,23700,California
Solano,2021-01-21,3145,31880,999,20390,2146,11490,0,0,2802,21169,343,5334,2803,26503,California
Solano,2021-01-22,1751,33631,842,21232,909,12399,0,0,1561,22540,190,5524,1561,28064,California
Solano,2021-01-23,732,34363,238,21470,494,12893,0,0,529,22866,204,5728,530,28594,California
Solano,2021-01-24,401,34764,60,21530,341,13234,0,0,335,23135,66,5794,335,28929,California
Solano,2021-01-25,1636,36400,622,22152,1014,14248,0,0,1086,23672,550,6344,1087,30016,California
Solano,2021-01-26,1770,38170,736,22888,1034,15282,0,0,1140,24184,629,6973,1141,31157,California
Solano,2021-01-27,1770,39940,726,23614,1044,16326,0,0,1177,24781,580,7553,1177,32334,California
Solano,2021-01-28,1900,41840,703,24317,1197,17523,0,0,1310,25503,589,8142,1311,33645,California
Solano,2021-01-29,1698,43538,782,25099,916,18439,0,0,1345,26497,351,8493,1345,34990,California
Solano,2021-01-30,710,44248,220,25319,490,18929,0,0,549,26885,161,8654,549,35539,California
Solano,2021-01-31,486,44734,394,25713,92,19021,0,0,231,26862,255,8909,232,35771,California
Solano,2021-02-01,1498,46232,979,26692,519,19540,0,0,760,26886,736,9645,760,36531,California
Solano,2021-02-02,3320,49552,1111,27803,2209,21749,0,0,2523,28616,793,10438,2523,39054,California
Solano,2021-02-03,2241,51793,1303,29106,938,22687,0,0,1163,28705,1074,11512,1163,40217,California
Solano,2021-02-04,1762,53555,907,30013,855,23542,0,0,1049,29046,708,12220,1049,41266,California
Solano,2021-02-05,3066,56621,1408,31421,1658,25200,0,0,2073,30135,984,13204,2073,43339,California
Solano,2021-02-06,3045,59666,1169,32590,1876,27076,0,0,2230,31554,811,14015,2230,45569,California
Solano,2021-02-07,848,60514,784,33374,64,27140,0,0,232,31170,616,14631,232,45801,California
Solano,2021-02-08,1712,62226,1232,34606,480,27620,0,0,681,30822,1029,15660,681,46482,California
Solano,2021-02-09,1903,64129,1472,36078,431,28051,0,0,681,30282,1221,16881,681,47163,California
Solano,2021-02-10,2257,66386,1496,37574,761,28812,0,0,829,29683,1428,18309,829,47992,California
Solano,2021-02-11,2452,68838,1445,39019,1007,29819,0,0,1172,29585,1270,19579,1172,49164,California
Solano,2021-02-12,4140,72978,1598,40617,2542,32361,0,0,2829,31110,1304,20883,2829,51993,California
Solano,2021-02-13,2819,75797,244,40861,2575,34936,0,0,2432,33158,384,21267,2432,54425,California
Solano,2021-02-14,690,76487,201,41062,489,35425,0,0,412,33294,276,21543,412,54837,California
Solano,2021-02-15,1295,77782,323,41385,972,36397,0,0,671,33342,623,22166,671,55508,California
Solano,2021-02-16,2492,80274,1324,42709,1168,37565,0,0,1645,34141,846,23012,1645,57153,California
Solano,2021-02-17,2918,83192,1432,44141,1486,39051,0,0,1936,35099,979,23991,1937,59090,California
Solano,2021-02-18,2734,85926,844,44985,1890,40941,0,0,819,34011,1908,25899,820,59910,California
Solano,2021-02-19,2352,88278,1404,46389,948,41889,0,0,1142,33949,1206,27105,1144,61054,California
Solano,2021-02-20,2546,90824,381,46770,2165,44054,0,0,2075,35552,472,27577,2075,63129,California
Solano,2021-02-21,2140,92964,1860,48630,280,44334,0,0,1856,37128,280,27857,1856,64985,California
Solano,2021-02-22,1679,94643,1013,49643,666,45000,0,0,895,37241,783,28640,896,65881,California
Solano,2021-02-23,2816,97459,1081,50724,1735,46735,0,0,1917,38262,896,29536,1917,67798,California
Solano,2021-02-24,2460,99919,1231,51955,1229,47964,0,0,1382,38568,1076,30612,1382,69180,California
Solano,2021-02-25,2370,102289,1427,53382,943,48907,0,0,1295,38794,1069,31681,1295,70475,California
Solano,2021-02-26,2868,105157,1755,55137,1113,50020,0,0,1559,39050,1303,32984,1559,72034,California
Solano,2021-02-27,3643,108800,1374,56511,2268,52288,1,1,2952,41320,683,33667,2953,74987,California
Solano,2021-02-28,1354,110154,1039,57550,315,52603,0,1,1080,42129,271,33938,1080,76067,California
Solano,2021-03-01,2419,112573,1051,58601,1367,53970,1,2,1816,43348,598,34536,1817,77884,California
Solano,2021-03-02,2129,114702,1362,59963,767,54737,0,2,1269,43757,860,35396,1269,79153,California
Solano,2021-03-03,2196,116898,1244,61207,952,55689,0,2,1369,44307,819,36215,1369,80522,California
Solano,2021-03-04,4324,121222,3389,64596,933,56622,2,4,3156,46306,1162,37377,3161,83683,California
Solano,2021-03-05,4879,126101,1659,66255,3216,59838,4,8,3939,49319,930,38307,3943,87626,California
Solano,2021-03-06,3811,129912,826,67081,2946,62784,39,47,2628,50812,1174,39481,2667,90293,California
Solano,2021-03-07,3494,133406,734,67815,2750,65534,10,57,1926,51190,1559,41040,1937,92230,California
Solano,2021-03-08,2096,135502,1304,69119,521,66055,271,328,1584,52535,509,41549,1854,94084,California
Solano,2021-03-09,3116,138618,1500,70619,1564,67619,52,380,2258,53984,858,42407,2307,96391,California
Solano,2021-03-10,2356,140974,1707,72326,563,68182,86,466,1242,54199,1110,43517,1325,97716,California
Solano,2021-03-11,5965,146939,1718,74044,3993,72175,254,720,4923,58334,1041,44558,5176,102892,California
Solano,2021-03-12,5930,152869,1550,75594,4207,76382,173,893,3168,58916,2759,47317,3341,106233,California
Solano,2021-03-13,4571,157440,805,76399,3682,80064,84,977,2241,58920,2323,49640,2327,108560,California
Solano,2021-03-14,3985,161425,3108,79507,424,80488,453,1430,1651,58691,2330,51970,2101,110661,California
Solano,2021-03-15,3985,165410,2432,81939,1237,81725,316,1746,2512,60052,1467,53437,2828,113489,California
Solano,2021-03-16,3049,168459,1316,83255,1498,83223,235,1981,1556,60354,1488,54925,1790,115279,California
Solano,2021-03-17,6199,174658,1651,84906,4458,87681,90,2071,4792,63833,1403,56328,4882,120161,California
Solano,2021-03-18,5136,179794,1810,86716,3289,90970,37,2108,3795,66331,1333,57661,3831,123992,California
Solano,2021-03-19,2923,182717,2011,88727,839,91809,73,2181,1592,66671,1326,58987,1666,125658,California
Solano,2021-03-20,5480,188197,1663,90390,3763,95572,54,2235,2817,66888,2654,61641,2871,128529,California
Solano,2021-03-21,1666,189863,1565,91955,77,95649,24,2259,853,66952,811,62452,875,129404,California
Solano,2021-03-22,2567,192430,1944,93899,574,96223,49,2308,1596,67630,965,63417,1643,131047,California
Solano,2021-03-23,3425,195855,1599,95498,1784,98007,42,2350,1427,67106,1993,65410,1469,132516,California
Solano,2021-03-24,2793,198648,1747,97245,1012,99019,34,2384,1354,67061,1433,66843,1388,133904,California
Solano,2021-03-25,4621,203269,3751,100996,835,99854,35,2419,2072,66624,2545,69388,2108,136012,California
Solano,2021-03-26,3068,206337,1951,102947,1081,100935,36,2455,1621,66843,1438,70826,1657,137669,California
Solano,2021-03-27,4176,210513,1147,104094,2993,103928,36,2491,1797,66303,2373,73199,1833,139502,California
Solano,2021-03-28,1411,211924,1101,105195,292,104220,18,2509,567,66049,840,74039,586,140088,California
Solano,2021-03-29,3295,215219,1886,107081,1392,105612,17,2526,1470,65719,1817,75856,1487,141575,California
Solano,2021-03-30,2807,218026,1838,108919,879,106491,90,2616,1726,66456,1079,76935,1816,143391,California
Solano,2021-03-31,2943,220969,1950,110869,835,107326,158,2774,1681,67034,1259,78194,1837,145228,California
Solano,2021-04-01,5385,226354,1975,112844,3266,110592,144,2918,3412,68630,1961,80155,3557,148785,California
Solano,2021-04-02,6340,232694,2085,114929,4089,114681,166,3084,2430,67336,3889,84044,2595,151380,California
Solano,2021-04-03,1512,234206,954,115883,406,115087,152,3236,549,67076,961,85005,701,152081,California
Solano,2021-04-04,778,234984,287,116170,190,115277,301,3537,239,67081,535,85540,540,152621,California
Solano,2021-04-05,2843,237827,1901,118071,736,116013,206,3743,1400,67245,1441,86981,1605,154226,California
Solano,2021-04-06,5609,243436,1562,119633,3557,119570,490,4233,1538,65205,4067,91048,2027,156253,California
Solano,2021-04-07,5355,248791,4036,123669,925,120495,394,4627,3051,66353,2296,93344,3444,159697,California
Solano,2021-04-08,6186,254977,1664,125333,3666,124161,856,5483,1687,64417,4474,97818,2538,162235,California
Solano,2021-04-09,5959,260936,1541,126874,3649,127810,769,6252,1423,62091,4518,102336,2192,164427,California
Solano,2021-04-10,1700,262636,944,127818,444,128254,312,6564,787,62278,912,103248,1099,165526,California
Solano,2021-04-11,1181,263817,741,128559,313,128567,127,6691,611,62449,567,103815,738,166264,California
Solano,2021-04-12,3239,267056,1665,130224,1215,129782,359,7050,1390,62353,1844,105659,1748,168012,California
Solano,2021-04-13,2518,269574,1089,131313,1428,131210,1,7051,1314,62468,1200,106859,1315,169327,California
Solano,2021-04-14,6208,275782,1880,133193,4328,135538,0,7051,1871,60015,4324,111183,1871,171198,California
Solano,2021-04-15,5160,280942,1912,135105,3248,138786,0,7051,1630,58124,3521,114704,1630,172828,California
Solano,2021-04-16,3526,284468,2437,137542,1087,139873,2,7053,2267,59141,1254,115958,2271,175099,California
Solano,2021-04-17,3154,287622,1057,138599,2097,141970,0,7053,1115,58225,2032,117990,1116,176215,California
Solano,2021-04-18,991,288613,596,139195,395,142365,0,7053,528,58291,462,118452,528,176743,California
Solano,2021-04-19,2049,290662,1155,140350,894,143259,0,7053,1137,58524,906,119358,1139,177882,California
Solano,2021-04-20,2852,293514,1692,142042,1160,144419,0,7053,1676,59026,1174,120532,1676,179558,California
Solano,2021-04-21,3244,296758,2086,144128,1158,145577,0,7053,1735,59257,1504,122036,1735,181293,California
Solano,2021-04-22,2771,299529,1381,145509,1390,146967,0,7053,1678,59847,1088,123124,1678,182971,California
Solano,2021-04-23,3261,302790,1600,147109,1661,148628,0,7053,1965,60522,1291,124415,1966,184937,California
Solano,2021-04-24,1724,304514,1096,148205,626,149254,2,7055,1290,61385,429,124844,1292,186229,California
Solano,2021-04-25,1035,305549,799,149004,236,149490,0,7055,800,61959,226,125070,800,187029,California
Solano,2021-04-26,2003,307552,1316,150320,683,150173,4,7059,1159,62285,837,125907,1163,188192,California
Solano,2021-04-27,1425,308977,874,151194,548,150721,3,7062,760,62386,663,126570,764,188956,California
Sonoma,2020-12-15,4,4,4,4,0,0,0,0,4,4,0,0,4,4,California
Sonoma,2020-12-16,27,31,27,31,0,0,0,0,27,31,0,0,27,31,California
Sonoma,2020-12-17,103,134,103,134,0,0,0,0,103,134,0,0,103,134,California
Sonoma,2020-12-18,421,555,421,555,0,0,0,0,421,555,0,0,421,555,California
Sonoma,2020-12-19,111,666,110,665,1,1,0,0,111,666,0,0,111,666,California
Sonoma,2020-12-20,174,840,174,839,0,1,0,0,174,840,0,0,174,840,California
Sonoma,2020-12-21,910,1750,908,1747,2,3,0,0,909,1749,0,0,909,1749,California
Sonoma,2020-12-22,1356,3106,1264,3011,92,95,0,0,1356,3105,0,0,1356,3105,California
Sonoma,2020-12-23,1605,4711,1229,4240,376,471,0,0,1606,4711,0,0,1606,4711,California
Sonoma,2020-12-24,305,5016,101,4341,204,675,0,0,305,5016,0,0,305,5016,California
Sonoma,2020-12-25,8,5024,2,4343,6,681,0,0,8,5024,0,0,8,5024,California
Sonoma,2020-12-26,266,5290,255,4598,11,692,0,0,266,5290,0,0,266,5290,California
Sonoma,2020-12-27,93,5383,80,4678,13,705,0,0,93,5383,0,0,93,5383,California
Sonoma,2020-12-28,987,6370,552,5230,435,1140,0,0,958,6341,0,0,958,6341,California
Sonoma,2020-12-29,1129,7499,776,6006,353,1493,0,0,1095,7436,0,0,1095,7436,California
Sonoma,2020-12-30,1093,8592,479,6485,614,2107,0,0,1085,8521,0,0,1085,8521,California
Sonoma,2020-12-31,518,9110,71,6556,447,2554,0,0,519,9040,0,0,519,9040,California
Sonoma,2021-01-01,10,9120,5,6561,5,2559,0,0,10,9050,0,0,10,9050,California
Sonoma,2021-01-02,132,9252,126,6687,6,2565,0,0,132,9182,0,0,132,9182,California
Sonoma,2021-01-03,25,9277,11,6698,14,2579,0,0,25,9207,0,0,25,9207,California
Sonoma,2021-01-04,340,9617,105,6803,235,2814,0,0,339,9546,0,0,339,9546,California
Sonoma,2021-01-05,437,10054,102,6905,335,3149,0,0,413,9944,15,15,413,9959,California
Sonoma,2021-01-06,948,11002,434,7339,514,3663,0,0,836,10675,105,120,836,10795,California
Sonoma,2021-01-07,1028,12030,535,7874,493,4156,0,0,858,11364,169,289,858,11653,California
Sonoma,2021-01-08,1784,13814,1228,9102,556,4712,0,0,1313,12208,469,758,1313,12966,California
Sonoma,2021-01-09,637,14451,400,9502,237,4949,0,0,589,12749,48,806,589,13555,California
Sonoma,2021-01-10,472,14923,461,9963,11,4960,0,0,279,12835,193,999,279,13834,California
Sonoma,2021-01-11,1381,16304,1235,11198,146,5106,0,0,413,12284,964,1963,413,14247,California
Sonoma,2021-01-12,1547,17851,1294,12492,253,5359,0,0,395,11529,1150,3113,395,14642,California
Sonoma,2021-01-13,2071,19922,1427,13919,644,6003,0,0,1209,11879,859,3972,1209,15851,California
Sonoma,2021-01-14,1530,21452,808,14727,722,6725,0,0,1300,12949,230,4202,1300,17151,California
Sonoma,2021-01-15,1564,23016,634,15361,930,7655,0,0,1344,14083,211,4413,1345,18496,California
Sonoma,2021-01-16,1144,24160,615,15976,529,8184,0,0,899,14741,241,4654,899,19395,California
Sonoma,2021-01-17,668,24828,548,16524,120,8304,0,0,587,15247,81,4735,587,19982,California
Sonoma,2021-01-18,1105,25933,932,17456,173,8477,0,0,614,15371,491,5226,615,20597,California
Sonoma,2021-01-19,2093,28026,1004,18460,1089,9566,0,0,1384,16049,707,5933,1385,21982,California
Sonoma,2021-01-20,2073,30099,624,19084,1449,11015,0,0,1412,16810,652,6585,1413,23395,California
Sonoma,2021-01-21,2234,32333,620,19704,1614,12629,0,0,2015,18609,217,6802,2016,25411,California
Sonoma,2021-01-22,2726,35059,1034,20738,1692,14321,0,0,2578,21040,147,6949,2578,27989,California
Sonoma,2021-01-23,767,35826,592,21330,175,14496,0,0,660,21594,106,7055,660,28649,California
Sonoma,2021-01-24,850,36676,714,22044,136,14632,0,0,834,22412,16,7071,834,29483,California
Sonoma,2021-01-25,2171,38847,520,22564,1651,16283,0,0,1684,23609,487,7558,1684,31167,California
Sonoma,2021-01-26,2008,40855,295,22859,1713,17996,0,0,1552,24706,455,8013,1552,32719,California
Sonoma,2021-01-27,3694,44549,1278,24137,2416,20412,0,0,3121,27259,571,8584,3124,35843,California
Sonoma,2021-01-28,4114,48663,1843,25980,2271,22683,0,0,3444,30038,667,9251,3446,39289,California
Sonoma,2021-01-29,2961,51624,1408,27388,1553,24236,0,0,2129,31338,830,10081,2130,41419,California
Sonoma,2021-01-30,2578,54202,2390,29778,188,24424,0,0,2241,33246,337,10418,2245,43664,California
Sonoma,2021-01-31,776,54978,664,30442,112,24536,0,0,578,33627,197,10615,578,44242,California
Sonoma,2021-02-01,2500,57478,881,31323,1619,26155,0,0,2096,35321,402,11017,2096,46338,California
Sonoma,2021-02-02,3445,60923,1367,32690,2078,28233,0,0,2880,37638,563,11580,2880,49218,California
Sonoma,2021-02-03,4029,64952,1322,34012,2707,30940,0,0,3100,39811,927,12507,3100,52318,California
Sonoma,2021-02-04,4196,69148,1708,35720,2488,33428,0,0,3417,42451,777,13284,3417,55735,California
Sonoma,2021-02-05,4803,73951,1733,37453,3070,36498,0,0,3790,45233,1009,14293,3791,59526,California
Sonoma,2021-02-06,2654,76605,2294,39747,360,36858,0,0,2096,46772,557,14850,2096,61622,California
Sonoma,2021-02-07,1532,78137,1398,41145,134,36992,0,0,1282,47804,250,15100,1282,62904,California
Sonoma,2021-02-08,3254,81391,1033,42178,2221,39213,0,0,2674,49899,579,15679,2674,65578,California
Sonoma,2021-02-09,3552,84943,1696,43874,1856,41069,0,0,3073,52496,477,16156,3074,68652,California
Sonoma,2021-02-10,4406,89349,2360,46234,2046,43115,0,0,3373,54843,1027,17183,3374,72026,California
Sonoma,2021-02-11,5338,94687,2790,49024,2548,45663,0,0,4162,57831,1174,18357,4162,76188,California
Sonoma,2021-02-12,5628,100315,2973,51997,2655,48318,0,0,4212,60634,1412,19769,4215,80403,California
Sonoma,2021-02-13,1983,102298,1152,53149,831,49149,0,0,1205,61064,775,20544,1205,81608,California
Sonoma,2021-02-14,2316,104614,1821,54970,495,49644,0,0,1570,61889,745,21289,1570,83178,California
Sonoma,2021-02-15,2134,106748,788,55758,1346,50990,0,0,1605,62966,528,21817,1605,84783,California
Sonoma,2021-02-16,4613,111361,2050,57808,2563,53553,0,0,3363,65083,1246,23063,3363,88146,California
Sonoma,2021-02-17,5322,116683,2889,60697,2433,55986,0,0,3327,66424,1987,25050,3328,91474,California
Sonoma,2021-02-18,6782,123465,3002,63699,3780,59766,0,0,3876,67402,2898,27948,3876,95350,California
Sonoma,2021-02-19,5368,128833,1662,65361,3706,63472,0,0,3273,68586,2090,30038,3274,98624,California
Sonoma,2021-02-20,3104,131937,2823,68184,281,63753,0,0,1223,67934,1875,31913,1223,99847,California
Sonoma,2021-02-21,517,132454,413,68597,104,63857,0,0,128,67676,386,32299,128,99975,California
Sonoma,2021-02-22,2715,135169,1354,69951,1361,65218,0,0,1042,67050,1668,33967,1042,101017,California
Sonoma,2021-02-23,3094,138263,2067,72018,1027,66245,0,0,1351,66662,1739,35706,1351,102368,California
Sonoma,2021-02-24,5449,143712,2537,74555,2912,69157,0,0,2731,66682,2713,38419,2733,105101,California
Sonoma,2021-02-25,5649,149361,2227,76782,3422,72579,0,0,2974,67002,2654,41073,2974,108075,California
Sonoma,2021-02-26,6018,155379,2744,79526,3274,75853,0,0,3743,68475,2270,43343,3743,111818,California
Sonoma,2021-02-27,4000,159379,1903,81429,2097,77950,0,0,2664,69805,1334,44677,2664,114482,California
Sonoma,2021-02-28,2331,161710,1847,83276,484,78434,0,0,612,68707,1710,46387,612,115094,California
Sonoma,2021-03-01,3666,165376,1129,84405,2537,80971,0,0,1810,68672,1846,48233,1811,116905,California
Sonoma,2021-03-02,4212,169588,1461,85866,2751,83722,0,0,2478,69424,1726,49959,2478,119383,California
Sonoma,2021-03-03,4835,174423,2510,88376,2325,86047,0,0,2244,69084,2584,52543,2244,121627,California
Sonoma,2021-03-04,5683,180106,2438,90814,3245,89292,0,0,2563,68541,3106,55649,2563,124190,California
Sonoma,2021-03-05,6160,186266,2551,93365,3594,92886,15,15,2704,67818,3443,59092,2720,126910,California
Sonoma,2021-03-06,2760,189026,1208,94573,1418,94304,134,149,1896,68989,858,59950,2029,128939,California
Sonoma,2021-03-07,1681,190707,1393,95966,253,94557,35,184,356,68057,1323,61273,391,129330,California
Sonoma,2021-03-08,3882,194589,653,96619,3055,97612,174,358,2216,68789,1656,62929,2388,131718,California
Sonoma,2021-03-09,5434,200023,3001,99620,2191,99803,242,600,2679,68962,2748,65677,2921,134639,California
Sonoma,2021-03-10,5932,205955,3166,102786,2441,102244,325,925,2394,68155,3525,69202,2718,137357,California
Sonoma,2021-03-11,7493,213448,2975,105761,3697,105941,821,1746,2650,66790,4835,74037,3470,140827,California
Sonoma,2021-03-12,7389,220837,2261,108022,3766,109707,1362,3108,2102,64982,5268,79305,3460,144287,California
Sonoma,2021-03-13,3241,224078,1541,109563,1465,111172,235,3343,1847,65668,1393,80698,2079,146366,California
Sonoma,2021-03-14,1374,225452,381,109944,852,112024,141,3484,847,66131,524,81222,987,147353,California
Sonoma,2021-03-15,5214,230666,1498,111442,3331,115355,385,3869,2192,65692,3014,84236,2575,149928,California
Sonoma,2021-03-16,6262,236928,2232,113674,3798,119153,232,4101,3165,65996,3092,87328,3396,153324,California
Sonoma,2021-03-17,6733,243661,3520,117194,3033,122186,180,4281,3536,66524,3188,90516,3716,157040,California
Sonoma,2021-03-18,7100,250761,2932,120126,3556,125742,612,4893,3175,66389,3919,94435,3784,160824,California
Sonoma,2021-03-19,7472,258233,3227,123353,4014,129756,231,5124,3317,65805,4136,98571,3552,164376,California
Sonoma,2021-03-20,3629,261862,1744,125097,1054,130810,831,5955,1971,66953,1651,100222,2799,167175,California
Sonoma,2021-03-21,1376,263238,600,125697,743,131553,33,5988,1211,68034,163,100385,1244,168419,California
Sonoma,2021-03-22,4488,267726,3085,128782,1302,132855,101,6089,3544,70739,940,101325,3645,172064,California
Sonoma,2021-03-23,5788,273514,3598,132380,2114,134969,76,6165,4666,74367,1114,102439,4742,176806,California
Sonoma,2021-03-24,6585,280099,4263,136643,2256,137225,66,6231,4152,76168,2416,104855,4217,181023,California
Sonoma,2021-03-25,6967,287066,4189,140832,2673,139898,105,6336,4338,78005,2607,107462,4444,185467,California
Sonoma,2021-03-26,7262,294328,3446,144278,3728,143626,88,6424,4012,78869,3236,110698,4100,189567,California
Sonoma,2021-03-27,3786,298114,1498,145776,1927,145553,361,6785,1127,77705,2652,113350,1488,191055,California
Sonoma,2021-03-28,1503,299617,946,146722,530,146083,27,6812,944,78120,556,113906,971,192026,California
Sonoma,2021-03-29,2820,302437,1082,147804,1705,147788,33,6845,1620,78577,1196,115102,1653,193679,California
Sonoma,2021-03-30,5641,308078,3120,150924,2459,150247,62,6907,3048,79100,2587,117689,3110,196789,California
Sonoma,2021-03-31,5497,313575,3342,154266,1942,152189,213,7120,3285,80396,2203,119892,3499,200288,California
Sonoma,2021-04-01,6676,320251,3973,158239,2370,154559,333,7453,3583,81228,3079,122971,3911,204199,California
Sonoma,2021-04-02,5903,326154,3537,161776,2257,156816,109,7562,3557,82555,2340,125311,3667,207866,California
Sonoma,2021-04-03,3363,329517,1645,163421,1499,158315,219,7781,1476,82375,1875,127186,1695,209561,California
Sonoma,2021-04-04,1059,330576,689,164110,280,158595,90,7871,669,82748,386,127572,759,210320,California
Sonoma,2021-04-05,4349,334925,581,164691,3431,162026,337,8208,1790,82322,2553,130125,2127,212447,California
Sonoma,2021-04-06,6819,341744,3455,168146,2965,164991,399,8607,3959,83831,2847,132972,4356,216803,California
Sonoma,2021-04-07,6738,348482,3804,171950,2103,167094,831,9438,3271,84470,3459,136431,4098,220901,California
Sonoma,2021-04-08,7468,355950,4086,176036,2616,169710,766,10204,4073,85923,3384,139815,4837,225738,California
Sonoma,2021-04-09,6745,362695,3748,179784,2113,171823,884,11088,3458,86986,3274,143089,4337,230075,California
Sonoma,2021-04-10,3814,366509,1679,181463,1582,173405,553,11641,1110,85949,2695,145784,1658,231733,California
Sonoma,2021-04-11,1276,367785,602,182065,593,173998,81,11722,434,85624,840,146624,515,232248,California
Sonoma,2021-04-12,4932,372717,2051,184116,2400,176398,481,12203,1850,84874,3075,149699,2325,234573,California
Sonoma,2021-04-13,7777,380494,4609,188725,3166,179564,2,12205,2958,83023,4811,154510,2960,237533,California
Sonoma,2021-04-14,6352,386846,3590,192315,2743,182307,19,12224,2505,81715,3832,158342,2524,240057,California
Sonoma,2021-04-15,7052,393898,4021,196336,3031,185338,0,12224,3484,81643,3556,161898,3484,243541,California
Sonoma,2021-04-16,6782,400680,3412,199748,3369,188707,1,12225,3849,82566,2927,164825,3850,247391,California
Sonoma,2021-04-17,3068,403748,1493,201241,1575,190282,0,12225,1488,82481,1574,166399,1489,248880,California
Sonoma,2021-04-18,1199,404947,808,202049,391,190673,0,12225,368,82021,828,167227,368,249248,California
Sonoma,2021-04-19,3274,408221,1873,203922,1401,192074,0,12225,1445,81640,1826,169053,1445,250693,California
Sonoma,2021-04-20,6238,414459,3436,207358,2802,194876,0,12225,2364,80143,3862,172915,2365,253058,California
Sonoma,2021-04-21,6300,420759,4164,211522,2134,197010,2,12227,2905,79666,3383,176298,2906,255964,California
Sonoma,2021-04-22,5946,426705,4311,215833,1635,198645,0,12227,2444,78621,3489,179787,2444,258408,California
Sonoma,2021-04-23,6738,433443,4435,220268,2297,200942,6,12233,3263,78422,3469,183256,3270,261678,California
Sonoma,2021-04-24,1970,435413,1055,221323,902,201844,13,12246,1196,78860,771,184027,1209,262887,California
Sonoma,2021-04-25,796,436209,539,221862,257,202101,0,12246,369,78804,425,184452,369,263256,California
Sonoma,2021-04-26,2369,438578,1115,222977,1228,203329,26,12272,1282,79029,1083,185535,1308,264564,California
Sonoma,2021-04-27,2930,441508,2343,225320,577,203906,10,12282,1116,78349,1806,187341,1126,265690,California
Stanislaus,2020-12-15,3,3,3,3,0,0,0,0,3,3,0,0,3,3,California
Stanislaus,2020-12-16,38,41,38,41,0,0,0,0,38,41,0,0,38,41,California
Stanislaus,2020-12-17,74,115,74,115,0,0,0,0,74,115,0,0,74,115,California
Stanislaus,2020-12-18,335,450,329,444,6,6,0,0,335,450,0,0,335,450,California
Stanislaus,2020-12-19,133,583,133,577,0,6,0,0,133,583,0,0,133,583,California
Stanislaus,2020-12-20,86,669,86,663,0,6,0,0,86,669,0,0,86,669,California
Stanislaus,2020-12-21,996,1665,994,1657,2,8,0,0,995,1664,0,0,995,1664,California
Stanislaus,2020-12-22,796,2461,784,2441,12,20,0,0,796,2460,0,0,796,2460,California
Stanislaus,2020-12-23,446,2907,429,2870,17,37,0,0,445,2905,0,0,445,2905,California
Stanislaus,2020-12-24,97,3004,88,2958,9,46,0,0,97,3002,0,0,97,3002,California
Stanislaus,2020-12-26,50,3054,8,2966,42,88,0,0,50,3052,0,0,50,3052,California
Stanislaus,2020-12-27,11,3065,6,2972,5,93,0,0,11,3063,0,0,11,3063,California
Stanislaus,2020-12-28,490,3555,395,3367,95,188,0,0,490,3553,0,0,490,3553,California
Stanislaus,2020-12-29,494,4049,417,3784,77,265,0,0,494,4047,0,0,494,4047,California
Stanislaus,2020-12-30,535,4584,279,4063,256,521,0,0,534,4580,1,1,534,4581,California
Stanislaus,2020-12-31,276,4860,156,4219,120,641,0,0,276,4856,0,1,276,4857,California
Stanislaus,2021-01-01,11,4871,4,4223,7,648,0,0,11,4867,0,1,11,4868,California
Stanislaus,2021-01-02,31,4902,24,4247,7,655,0,0,31,4898,0,1,31,4899,California
Stanislaus,2021-01-03,90,4992,87,4334,3,658,0,0,90,4988,0,1,90,4989,California
Stanislaus,2021-01-04,111,5103,33,4367,78,736,0,0,111,5099,0,1,111,5100,California
Stanislaus,2021-01-05,832,5935,340,4707,492,1228,0,0,809,5892,22,23,815,5915,California
Stanislaus,2021-01-06,949,6884,547,5254,402,1630,0,0,880,6707,66,89,881,6796,California
Stanislaus,2021-01-07,1074,7958,701,5955,373,2003,0,0,958,7552,114,203,959,7755,California
Stanislaus,2021-01-08,1279,9237,722,6677,557,2560,0,0,938,8156,338,541,942,8697,California
Stanislaus,2021-01-09,285,9522,141,6818,144,2704,0,0,195,8261,90,631,195,8892,California
Stanislaus,2021-01-10,48,9570,21,6839,27,2731,0,0,29,8271,19,650,29,8921,California
Stanislaus,2021-01-11,1519,11089,1243,8082,276,3007,0,0,595,7964,918,1568,611,9532,California
Stanislaus,2021-01-12,1460,12549,862,8944,598,3605,0,0,824,8163,632,2200,831,10363,California
Stanislaus,2021-01-13,1415,13964,664,9608,751,4356,0,0,1101,8957,314,2514,1108,11471,California
Stanislaus,2021-01-14,2215,16179,281,9889,1934,6290,0,0,2061,10922,152,2666,2117,13588,California
Stanislaus,2021-01-15,2798,18977,1138,11027,1660,7950,0,0,2662,13519,132,2798,2729,16317,California
Stanislaus,2021-01-16,467,19444,50,11077,417,8367,0,0,452,13959,14,2812,454,16771,California
Stanislaus,2021-01-17,243,19687,201,11278,42,8409,0,0,237,14191,5,2817,237,17008,California
Stanislaus,2021-01-18,2178,21865,1020,12298,1158,9567,0,0,1807,15692,366,3183,1867,18875,California
Stanislaus,2021-01-19,1245,23110,719,13017,526,10093,0,0,802,16054,441,3624,803,19678,California
Stanislaus,2021-01-20,997,24107,482,13499,515,10608,0,0,707,16472,289,3913,707,20385,California
Stanislaus,2021-01-21,3627,27734,2937,16436,690,11298,0,0,3322,19578,303,4216,3409,23794,California
Stanislaus,2021-01-22,1060,28794,308,16744,752,12050,0,0,1017,20560,39,4255,1021,24815,California
Stanislaus,2021-01-23,339,29133,38,16782,301,12351,0,0,283,20792,55,4310,287,25102,California
Stanislaus,2021-01-24,292,29425,100,16882,192,12543,0,0,226,20954,66,4376,228,25330,California
Stanislaus,2021-01-25,3126,32551,218,17100,2908,15451,0,0,2820,23600,306,4682,2952,28282,California
Stanislaus,2021-01-26,1712,34263,738,17838,974,16425,0,0,1292,24491,416,5098,1307,29589,California
Stanislaus,2021-01-27,1816,36079,976,18814,840,17265,0,0,1160,25004,648,5746,1161,30750,California
Stanislaus,2021-01-28,2190,38269,1497,20311,693,17958,0,0,1714,26298,468,6214,1762,32512,California
Stanislaus,2021-01-29,2421,40690,1184,21495,1237,19195,0,0,1904,27772,473,6687,1947,34459,California
Stanislaus,2021-01-30,284,40974,123,21618,161,19356,0,0,221,27941,52,6739,221,34680,California
Stanislaus,2021-01-31,364,41338,311,21929,53,19409,0,0,350,28280,11,6750,350,35030,California
Stanislaus,2021-02-01,1246,42584,545,22474,701,20110,0,0,912,28867,325,7075,912,35942,California
Stanislaus,2021-02-02,1231,43815,374,22848,857,20967,0,0,778,29205,444,7519,782,36724,California
Stanislaus,2021-02-03,2454,46269,1075,23923,1379,22346,0,0,1790,30340,660,8179,1795,38519,California
Stanislaus,2021-02-04,2077,48346,718,24641,1359,23705,0,0,1568,31411,501,8680,1572,40091,California
Stanislaus,2021-02-05,2825,51171,1453,26094,1372,25077,0,0,1590,31822,1183,9863,1594,41685,California
Stanislaus,2021-02-06,876,52047,294,26388,582,25659,0,0,686,32321,188,10051,687,42372,California
Stanislaus,2021-02-07,212,52259,188,26576,24,25683,0,0,42,32195,169,10220,43,42415,California
Stanislaus,2021-02-08,2005,54264,1310,27886,695,26378,0,0,1097,32419,876,11096,1100,43515,California
Stanislaus,2021-02-09,1821,56085,773,28659,1048,27426,0,0,1042,32701,763,11859,1045,44560,California
Stanislaus,2021-02-10,1927,58012,530,29189,1397,28823,0,0,1013,32820,896,12755,1015,45575,California
Stanislaus,2021-02-11,5346,63358,3249,32438,2097,30920,0,0,1227,30100,3951,16706,1231,46806,California
Stanislaus,2021-02-12,3277,66635,909,33347,2368,33288,0,0,1456,29792,1765,18471,1457,48263,California
Stanislaus,2021-02-13,1342,67977,648,33995,694,33982,0,0,977,30412,361,18832,981,49244,California
Stanislaus,2021-02-14,420,68397,169,34164,251,34233,0,0,353,30700,65,18897,353,49597,California
Stanislaus,2021-02-15,1788,70185,217,34381,1571,35804,0,0,580,30174,1111,20008,585,50182,California
Stanislaus,2021-02-16,1349,71534,415,34796,934,36738,0,0,575,29983,768,20776,577,50759,California
Stanislaus,2021-02-17,2719,74253,1657,36453,1062,37800,0,0,1938,31150,778,21554,1945,52704,California
Stanislaus,2021-02-18,3328,77581,1879,38332,1449,39249,0,0,1793,31491,1462,23016,1803,54507,California
Stanislaus,2021-02-19,2694,80275,1039,39371,1655,40904,0,0,1518,31874,1144,24160,1527,56034,California
Stanislaus,2021-02-20,741,81016,373,39744,368,41272,0,0,484,32114,246,24406,486,56520,California
Stanislaus,2021-02-21,872,81888,658,40402,214,41486,0,0,525,32318,332,24738,536,57056,California
Stanislaus,2021-02-22,2323,84211,1677,42079,646,42132,0,0,1630,33281,669,25407,1632,58688,California
Stanislaus,2021-02-23,3680,87891,680,42759,3000,45132,0,0,1736,33215,1808,27215,1742,60430,California
Stanislaus,2021-02-24,4133,92024,2823,45582,1310,46442,0,0,3125,35352,992,28207,3129,63559,California
Stanislaus,2021-02-25,3848,95872,2623,48205,1225,47667,0,0,3056,37636,775,28982,3059,66618,California
Stanislaus,2021-02-26,4137,100009,1189,49394,2948,50615,0,0,2800,39150,1295,30277,2809,69427,California
Stanislaus,2021-02-27,2061,102070,695,50089,1365,51980,1,1,1836,40786,201,30478,1837,71264,California
Stanislaus,2021-02-28,799,102869,256,50345,543,52523,0,1,753,41501,39,30517,754,72018,California
Stanislaus,2021-03-01,2710,105579,1585,51930,1125,53648,0,1,1596,42000,1101,31618,1600,73618,California
Stanislaus,2021-03-02,2357,107936,1401,53331,955,54603,1,2,1643,42936,708,32326,1644,75262,California
Stanislaus,2021-03-03,3685,111621,2213,55544,1470,56073,2,4,2886,45038,784,33110,2886,78148,California
Stanislaus,2021-03-04,5377,116998,3061,58605,2301,58374,15,19,4188,48069,1168,34278,4199,82347,California
Stanislaus,2021-03-05,4000,120998,1106,59711,2878,61252,16,35,3043,50185,942,35220,3058,85405,California
Stanislaus,2021-03-06,3549,124547,2204,61915,1251,62503,94,129,2700,52136,845,36065,2796,88201,California
Stanislaus,2021-03-07,840,125387,379,62294,424,62927,37,166,651,52641,182,36247,687,88888,California
Stanislaus,2021-03-08,1965,127352,842,63136,1035,63962,88,254,1310,53393,645,36892,1397,90285,California
Stanislaus,2021-03-09,2143,129495,879,64015,1172,65134,92,346,1616,54585,520,37412,1712,91997,California
Stanislaus,2021-03-10,5017,134512,2468,66483,2329,67463,220,566,3711,57236,1291,38703,3942,95939,California
Stanislaus,2021-03-11,5697,140209,3129,69612,2091,69554,477,1043,4129,60429,1415,40118,4608,100547,California
Stanislaus,2021-03-12,5732,145941,1217,70829,2601,72155,1914,2957,2914,62451,2804,42922,4826,105373,California
Stanislaus,2021-03-13,3340,149281,2148,72977,1124,73279,68,3025,2671,64531,664,43586,2744,108117,California
Stanislaus,2021-03-14,971,150252,576,73553,344,73623,51,3076,481,64578,488,44074,535,108652,California
Stanislaus,2021-03-15,3662,153914,1957,75510,1350,74973,355,3431,1600,64570,1970,46044,1962,110614,California
Stanislaus,2021-03-16,4876,158790,2431,77941,2034,77007,414,3845,3517,67156,1357,47401,3943,114557,California
Stanislaus,2021-03-17,4688,163478,2840,80781,1673,78680,175,4020,2872,68410,1799,49200,3053,117610,California
Stanislaus,2021-03-18,5392,168870,3402,84183,1922,80602,68,4088,2963,69163,2284,51484,3037,120647,California
Stanislaus,2021-03-19,5890,174760,1517,85700,2851,83453,1522,5610,3093,71005,2772,54256,4614,125261,California
Stanislaus,2021-03-20,3815,178575,2978,88678,768,84221,69,5679,3346,73958,462,54718,3415,128676,California
Stanislaus,2021-03-21,977,179552,877,89555,35,84256,65,5744,748,74543,228,54946,813,129489,California
Stanislaus,2021-03-22,2788,182340,1303,90858,759,85015,726,6470,1234,74960,1541,56487,1958,131447,California
Stanislaus,2021-03-23,3909,186249,2004,92862,1647,86662,258,6728,2797,76933,1096,57583,3069,134516,California
Stanislaus,2021-03-24,4489,190738,3185,96047,1236,87898,68,6796,2615,77784,1835,59418,2686,137202,California
Stanislaus,2021-03-25,4199,194937,2894,98941,1289,89187,16,6812,1803,77280,2324,61742,1820,139022,California
Stanislaus,2021-03-26,4666,199603,1324,100265,3267,92454,75,6887,2346,77426,2288,64030,2434,141456,California
Stanislaus,2021-03-27,4266,203869,2673,102938,1567,94021,26,6913,1372,75959,2878,66908,1411,142867,California
Stanislaus,2021-03-28,1093,204962,435,103373,554,94575,104,7017,349,75688,736,67644,465,143332,California
Stanislaus,2021-03-29,2924,207886,1794,105167,1091,95666,39,7056,1959,76734,959,68603,2005,145337,California
Stanislaus,2021-03-30,3604,211490,2027,107194,1549,97215,28,7084,2198,77568,1401,70004,2235,147572,California
Stanislaus,2021-03-31,5344,216834,3789,110983,1439,98654,116,7200,2733,77836,2597,72601,2865,150437,California
Stanislaus,2021-04-01,5605,222439,3748,114731,1768,100422,89,7289,2532,77421,3061,75662,2646,153083,California
Stanislaus,2021-04-02,4893,227332,1194,115925,3552,103974,147,7436,2169,77113,2642,78304,2334,155417,California
Stanislaus,2021-04-03,4439,231771,3210,119135,1192,105166,37,7473,2160,77062,2271,80575,2220,157637,California
Stanislaus,2021-04-04,1296,233067,464,119599,803,105969,29,7502,641,77093,650,81225,681,158318,California
Stanislaus,2021-04-05,3559,236626,2477,122076,832,106801,250,7752,2304,78405,1248,82473,2560,160878,California
Stanislaus,2021-04-06,5594,242220,4082,126158,1235,108036,277,8029,2947,79002,2634,85107,3231,164109,California
Stanislaus,2021-04-07,6263,248483,3548,129706,2300,110336,415,8444,2777,78726,3473,88580,3197,167306,California
Stanislaus,2021-04-08,5570,254053,3233,132939,1908,112244,429,8873,2677,78961,2877,91457,3112,170418,California
Stanislaus,2021-04-09,4742,258795,2047,134986,2328,114572,367,9240,2132,78882,2593,94050,2514,172932,California
Stanislaus,2021-04-10,6394,265189,3902,138888,858,115430,1634,10874,1944,78023,4432,98482,3573,176505,California
Stanislaus,2021-04-11,1499,266688,836,139724,529,115959,134,11008,651,77961,847,99329,785,177290,California
Stanislaus,2021-04-12,3473,270161,1998,141722,1100,117059,375,11383,1840,78558,1625,100954,2222,179512,California
Stanislaus,2021-04-13,5106,275267,3344,145066,1749,118808,13,11396,2870,79228,2205,103159,2875,182387,California
Stanislaus,2021-04-14,4572,279839,3192,148258,1380,120188,0,11396,2214,79121,2327,105486,2220,184607,California
Stanislaus,2021-04-15,5345,285184,3293,151551,2050,122238,2,11398,3222,80261,2086,107572,3226,187833,California
Stanislaus,2021-04-16,4217,289401,963,152514,3254,125492,0,11398,1785,79654,2394,109966,1787,189620,California
Stanislaus,2021-04-17,3094,292495,2055,154569,1039,126531,0,11398,1798,80171,1286,111252,1803,191423,California
Stanislaus,2021-04-18,519,293014,209,154778,310,126841,0,11398,397,80453,117,111369,399,191822,California
Stanislaus,2021-04-19,3426,296440,2434,157212,992,127833,0,11398,1646,80359,1748,113117,1654,193476,California
Stanislaus,2021-04-20,3939,300379,2388,159600,1551,129384,0,11398,1746,79939,2168,115285,1748,195224,California
Stanislaus,2021-04-21,3769,304148,2510,162110,1258,130642,1,11399,1626,79462,2110,117395,1633,196857,California
Stanislaus,2021-04-22,3884,308032,2375,164485,1509,132151,0,11399,1572,78793,2271,119666,1602,198459,California
Stanislaus,2021-04-23,3523,311555,812,165297,2711,134862,0,11399,1446,78273,1985,121651,1465,199924,California
Stanislaus,2021-04-24,3612,315167,2840,168137,772,135634,0,11399,1701,78107,1897,123548,1731,201655,California
Stanislaus,2021-04-25,884,316051,458,168595,426,136060,0,11399,649,78531,233,123781,657,202312,California
Stanislaus,2021-04-26,3037,319088,2145,170740,887,136947,5,11404,904,77355,2119,125900,943,203255,California
Stanislaus,2021-04-27,2918,322006,2186,172926,716,137663,16,11420,694,75868,2219,128119,732,203987,California
Sutter,2020-12-15,1,1,1,1,0,0,0,0,1,1,0,0,1,1,California
Sutter,2020-12-16,4,5,4,5,0,0,0,0,4,5,0,0,4,5,California
Sutter,2020-12-17,2,7,2,7,0,0,0,0,2,7,0,0,2,7,California
Sutter,2020-12-18,20,27,20,27,0,0,0,0,20,27,0,0,20,27,California
Sutter,2020-12-19,44,71,44,71,0,0,0,0,44,71,0,0,44,71,California
Sutter,2020-12-20,42,113,42,113,0,0,0,0,42,113,0,0,42,113,California
Sutter,2020-12-21,100,213,100,213,0,0,0,0,100,213,0,0,100,213,California
Sutter,2020-12-22,172,385,172,385,0,0,0,0,172,385,0,0,172,385,California
Sutter,2020-12-23,116,501,111,496,5,5,0,0,116,501,0,0,116,501,California
Sutter,2020-12-24,17,518,11,507,6,11,0,0,17,518,0,0,17,518,California
Sutter,2020-12-26,39,557,35,542,4,15,0,0,39,557,0,0,39,557,California
Sutter,2020-12-27,24,581,23,565,1,16,0,0,24,581,0,0,24,581,California
Sutter,2020-12-28,83,664,55,620,28,44,0,0,83,664,0,0,83,664,California
Sutter,2020-12-29,101,765,14,634,87,131,0,0,101,765,0,0,101,765,California
Sutter,2020-12-30,136,901,34,668,102,233,0,0,136,901,0,0,136,901,California
Sutter,2020-12-31,70,971,6,674,64,297,0,0,70,971,0,0,70,971,California
Sutter,2021-01-01,3,974,3,677,0,297,0,0,3,974,0,0,3,974,California
Sutter,2021-01-02,133,1107,131,808,2,299,0,0,133,1107,0,0,133,1107,California
Sutter,2021-01-03,1,1108,0,808,1,300,0,0,1,1108,0,0,1,1108,California
Sutter,2021-01-04,248,1356,139,947,109,409,0,0,248,1356,0,0,248,1356,California
Sutter,2021-01-05,99,1455,56,1003,43,452,0,0,97,1451,2,2,97,1453,California
Sutter,2021-01-06,205,1660,51,1054,154,606,0,0,200,1646,5,7,200,1653,California
Sutter,2021-01-07,252,1912,151,1205,101,707,0,0,243,1881,8,15,243,1896,California
Sutter,2021-01-08,147,2059,40,1245,107,814,0,0,130,1994,17,32,130,2026,California
Sutter,2021-01-09,45,2104,43,1288,2,816,0,0,4,1957,41,73,4,2030,California
Sutter,2021-01-10,394,2498,37,1325,357,1173,0,0,356,2276,37,110,356,2386,California
Sutter,2021-01-11,132,2630,114,1439,18,1191,0,0,26,2196,106,216,26,2412,California
Sutter,2021-01-12,201,2831,164,1603,37,1228,0,0,58,2111,143,359,58,2470,California
Sutter,2021-01-13,161,2992,98,1701,63,1291,0,0,71,2093,89,448,71,2541,California
Sutter,2021-01-14,144,3136,49,1750,95,1386,0,0,125,2199,19,467,125,2666,California
Sutter,2021-01-15,435,3571,132,1882,303,1689,0,0,420,2604,15,482,420,3086,California
Sutter,2021-01-16,386,3957,42,1924,344,2033,0,0,354,2927,31,513,354,3440,California
Sutter,2021-01-17,26,3983,24,1948,2,2035,0,0,10,2921,16,529,10,3450,California
Sutter,2021-01-18,116,4099,61,2009,55,2090,0,0,69,2943,47,576,69,3519,California
Sutter,2021-01-19,104,4203,43,2052,61,2151,0,0,79,2997,25,601,79,3598,California
Sutter,2021-01-20,255,4458,190,2242,65,2216,0,0,235,3212,20,621,235,3833,California
Sutter,2021-01-21,435,4893,267,2509,168,2384,0,0,416,3609,19,640,416,4249,California
Sutter,2021-01-22,268,5161,81,2590,187,2571,0,0,259,3859,9,649,259,4508,California
Sutter,2021-01-23,398,5559,40,2630,358,2929,0,0,371,4203,27,676,371,4879,California
Sutter,2021-01-24,17,5576,14,2644,3,2932,0,0,15,4216,2,678,15,4894,California
Sutter,2021-01-25,304,5880,196,2840,108,3040,0,0,151,4215,152,830,151,5045,California
Sutter,2021-01-26,243,6123,103,2943,140,3180,0,0,144,4261,98,928,144,5189,California
Sutter,2021-01-27,384,6507,254,3197,130,3310,0,0,319,4515,65,993,319,5508,California
Sutter,2021-01-28,525,7032,302,3499,223,3533,0,0,395,4781,129,1122,395,5903,California
Sutter,2021-01-29,419,7451,146,3645,273,3806,0,0,254,4870,165,1287,254,6157,California
Sutter,2021-01-30,775,8226,39,3684,736,4542,0,0,764,5623,11,1298,764,6921,California
Sutter,2021-01-31,27,8253,27,3711,0,4542,0,0,27,5650,0,1298,27,6948,California
Sutter,2021-02-01,164,8417,49,3760,115,4657,0,0,133,5752,31,1329,133,7081,California
Sutter,2021-02-02,241,8658,26,3786,215,4872,0,0,211,5933,30,1359,211,7292,California
Sutter,2021-02-03,444,9102,38,3824,406,5278,0,0,209,5907,235,1594,209,7501,California
Sutter,2021-02-04,669,9771,366,4190,303,5581,0,0,620,6478,49,1643,620,8121,California
Sutter,2021-02-05,286,10057,32,4222,254,5835,0,0,137,6466,149,1792,137,8258,California
Sutter,2021-02-06,734,10791,28,4250,706,6541,0,0,713,7158,21,1813,713,8971,California
Sutter,2021-02-07,23,10814,20,4270,3,6544,0,0,19,7173,4,1817,19,8990,California
Sutter,2021-02-08,134,10948,29,4299,105,6649,0,0,98,7235,36,1853,98,9088,California
Sutter,2021-02-09,245,11193,45,4344,200,6849,0,0,184,7358,61,1914,184,9272,California
Sutter,2021-02-10,814,12007,379,4723,435,7284,0,0,177,6899,636,2550,177,9449,California
Sutter,2021-02-11,602,12609,273,4996,329,7613,0,0,373,7043,229,2779,373,9822,California
Sutter,2021-02-12,628,13237,67,5063,561,8174,0,0,311,7037,317,3096,311,10133,California
Sutter,2021-02-13,898,14135,49,5112,849,9023,0,0,781,7701,117,3213,781,10914,California
Sutter,2021-02-14,90,14225,25,5137,65,9088,0,0,80,7771,10,3223,80,10994,California
Sutter,2021-02-15,197,14422,72,5209,125,9213,0,0,120,7814,77,3300,120,11114,California
Sutter,2021-02-16,288,14710,45,5254,243,9456,0,0,205,7937,82,3382,205,11319,California
Sutter,2021-02-17,826,15536,430,5684,396,9852,0,0,129,7369,697,4079,129,11448,California
Sutter,2021-02-18,700,16236,55,5739,645,10497,0,0,490,7650,209,4288,490,11938,California
Sutter,2021-02-19,663,16899,377,6116,286,10783,0,0,462,7913,199,4487,462,12400,California
Sutter,2021-02-20,617,17516,52,6168,565,11348,0,0,513,8323,103,4590,513,12913,California
Sutter,2021-02-21,29,17545,26,6194,3,11351,0,0,6,8306,23,4613,6,12919,California
Sutter,2021-02-22,206,17751,122,6316,84,11435,0,0,87,8274,119,4732,87,13006,California
Sutter,2021-02-23,222,17973,32,6348,190,11625,0,0,98,8248,124,4856,98,13104,California
Sutter,2021-02-24,956,18929,348,6696,608,12233,0,0,189,7671,766,5622,189,13293,California
Sutter,2021-02-25,774,19703,490,7186,284,12517,0,0,595,8090,176,5798,595,13888,California
Sutter,2021-02-26,368,20071,59,7245,309,12826,0,0,152,8028,214,6012,152,14040,California
Sutter,2021-02-27,864,20935,43,7288,821,13647,0,0,710,8582,156,6168,710,14750,California
Sutter,2021-02-28,84,21019,38,7326,46,13693,0,0,65,8629,18,6186,65,14815,California
Sutter,2021-03-01,247,21266,61,7387,186,13879,0,0,151,8684,96,6282,151,14966,California
Sutter,2021-03-02,334,21600,57,7444,277,14156,0,0,160,8671,173,6455,160,15126,California
Sutter,2021-03-03,1385,22985,514,7958,871,15027,0,0,648,8588,731,7186,648,15774,California
Sutter,2021-03-04,1254,24239,866,8824,388,15415,0,0,952,9242,298,7484,952,16726,California
Sutter,2021-03-05,337,24576,76,8900,260,15675,1,1,203,9313,133,7617,204,16930,California
Sutter,2021-03-06,1025,25601,46,8946,974,16649,5,6,863,10019,162,7779,868,17798,California
Sutter,2021-03-07,63,25664,23,8969,39,16688,1,7,43,10043,20,7799,44,17842,California
Sutter,2021-03-08,225,25889,77,9046,135,16823,13,20,157,10144,68,7867,169,18011,California
Sutter,2021-03-09,385,26274,135,9181,237,17060,13,33,182,10137,202,8069,195,18206,California
Sutter,2021-03-10,1566,27840,679,9860,826,17886,61,94,523,9681,1040,9109,584,18790,California
Sutter,2021-03-11,892,28732,439,10299,434,18320,19,113,647,10105,242,9351,666,19456,California
Sutter,2021-03-12,670,29402,108,10407,380,18700,182,295,197,10012,470,9821,377,19833,California
Sutter,2021-03-13,982,30384,749,11156,216,18916,17,312,782,10613,198,10019,799,20632,California
Sutter,2021-03-14,126,30510,20,11176,95,19011,11,323,41,10580,85,10104,52,20684,California
Sutter,2021-03-15,318,30828,66,11242,203,19214,49,372,151,10614,166,10270,200,20884,California
Sutter,2021-03-16,385,31213,85,11327,254,19468,46,418,208,10691,177,10447,254,21138,California
Sutter,2021-03-17,1496,32709,564,11891,913,20381,19,437,311,9844,1177,11624,330,21468,California
Sutter,2021-03-18,960,33669,166,12057,595,20976,199,636,572,10227,387,12011,770,22238,California
Sutter,2021-03-19,462,34131,164,12221,269,21245,29,665,283,10362,177,12188,312,22550,California
Sutter,2021-03-20,954,35085,116,12337,827,22072,11,676,866,11151,88,12276,877,23427,California
Sutter,2021-03-21,66,35151,46,12383,17,22089,3,679,37,11162,29,12305,40,23467,California
Sutter,2021-03-22,289,35440,122,12505,141,22230,26,705,213,11325,76,12381,239,23706,California
Sutter,2021-03-23,375,35815,115,12620,228,22458,32,737,252,11486,123,12504,284,23990,California
Sutter,2021-03-24,1686,37501,775,13395,841,23299,70,807,318,10520,1354,13858,388,24378,California
Sutter,2021-03-25,1040,38541,677,14072,322,23621,41,848,371,10265,667,14525,412,24790,California
Sutter,2021-03-26,484,39025,172,14244,295,23916,17,865,294,10389,187,14712,311,25101,California
Sutter,2021-03-27,936,39961,63,14307,871,24787,2,867,828,11114,105,14817,830,25931,California
Sutter,2021-03-28,126,40087,71,14378,55,24842,0,867,78,11146,46,14863,78,26009,California
Sutter,2021-03-29,423,40510,141,14519,227,25069,55,922,224,11228,197,15060,279,26288,California
Sutter,2021-03-30,474,40984,157,14676,307,25376,10,932,316,11396,158,15218,326,26614,California
Sutter,2021-03-31,1252,42236,176,14852,1059,26435,17,949,452,11074,790,16008,468,27082,California
Sutter,2021-04-01,1368,43604,724,15576,455,26890,189,1138,409,10721,952,16960,599,27681,California
Sutter,2021-04-02,508,44112,93,15669,297,27187,118,1256,200,10729,307,17267,315,27996,California
Sutter,2021-04-03,912,45024,77,15746,209,27396,626,1882,120,10685,790,18057,746,28742,California
Sutter,2021-04-04,117,45141,22,15768,89,27485,6,1888,56,10686,61,18118,62,28804,California
Sutter,2021-04-05,364,45505,142,15910,186,27671,36,1924,174,10709,187,18305,210,29014,California
Sutter,2021-04-06,502,46007,191,16101,255,27926,56,1980,268,10800,233,18538,324,29338,California
Sutter,2021-04-07,1478,47485,869,16970,534,28460,75,2055,616,10635,856,19394,691,30029,California
Sutter,2021-04-08,1026,48511,578,17548,340,28800,108,2163,562,10845,458,19852,668,30697,California
Sutter,2021-04-09,555,49066,245,17793,247,29047,63,2226,233,10821,320,20172,296,30993,California
Sutter,2021-04-10,818,49884,105,17898,87,29134,626,2852,103,10831,713,20885,723,31716,California
Sutter,2021-04-11,108,49992,26,17924,40,29174,42,2894,30,10825,78,20963,72,31788,California
Sutter,2021-04-12,336,50328,90,18014,192,29366,54,2948,136,10815,200,21163,190,31978,California
Sutter,2021-04-13,426,50754,123,18137,303,29669,0,2948,211,10813,213,21376,211,32189,California
Sutter,2021-04-14,1295,52049,159,18296,1135,30804,1,2949,214,9954,1075,22451,216,32405,California
Sutter,2021-04-15,468,52517,172,18468,296,31100,0,2949,180,9848,286,22737,180,32585,California
Sutter,2021-04-16,387,52904,115,18583,272,31372,0,2949,176,9814,210,22947,176,32761,California
Sutter,2021-04-17,572,53476,82,18665,490,31862,0,2949,500,10245,69,23016,500,33261,California
Sutter,2021-04-18,68,53544,8,18673,60,31922,0,2949,43,10264,24,23040,43,33304,California
Sutter,2021-04-19,289,53833,110,18783,179,32101,0,2949,121,10219,166,23206,121,33425,California
Sutter,2021-04-20,388,54221,134,18917,254,32355,0,2949,202,10236,185,23391,202,33627,California
Sutter,2021-04-21,1242,55463,427,19344,815,33170,0,2949,478,9959,755,24146,478,34105,California
Sutter,2021-04-22,456,55919,155,19499,301,33471,0,2949,241,9986,214,24360,241,34346,California
Sutter,2021-04-23,386,56305,110,19609,276,33747,0,2949,182,9967,201,24561,182,34528,California
Sutter,2021-04-24,263,56568,59,19668,204,33951,0,2949,143,9990,120,24681,143,34671,California
Sutter,2021-04-25,107,56675,55,19723,52,34003,0,2949,56,9997,49,24730,56,34727,California
Sutter,2021-04-26,224,56899,49,19772,173,34176,2,2951,97,9973,123,24853,99,34826,California
Sutter,2021-04-27,245,57144,117,19889,128,34304,0,2951,124,9978,119,24972,124,34950,California
Tehama,2020-12-15,1,1,1,1,0,0,0,0,1,1,0,0,1,1,California
Tehama,2020-12-16,2,3,2,3,0,0,0,0,2,3,0,0,2,3,California
Tehama,2020-12-17,12,15,12,15,0,0,0,0,12,15,0,0,12,15,California
Tehama,2020-12-18,2,17,2,17,0,0,0,0,3,18,0,0,3,18,California
Tehama,2020-12-21,33,50,33,50,0,0,0,0,33,51,0,0,33,51,California
Tehama,2020-12-22,68,118,62,112,6,6,0,0,68,119,0,0,68,119,California
Tehama,2020-12-23,48,166,40,152,8,14,0,0,48,167,0,0,48,167,California
Tehama,2020-12-24,5,171,3,155,2,16,0,0,5,172,0,0,5,172,California
Tehama,2020-12-26,3,174,2,157,1,17,0,0,3,175,0,0,3,175,California
Tehama,2020-12-27,2,176,2,159,0,17,0,0,2,177,0,0,2,177,California
Tehama,2020-12-28,56,232,43,202,13,30,0,0,56,233,0,0,56,233,California
Tehama,2020-12-29,31,263,31,233,0,30,0,0,31,264,0,0,31,264,California
Tehama,2020-12-30,54,317,38,271,16,46,0,0,53,317,0,0,53,317,California
Tehama,2020-12-31,14,331,4,275,10,56,0,0,14,331,0,0,14,331,California
Tehama,2021-01-01,2,333,0,275,2,58,0,0,2,333,0,0,2,333,California
Tehama,2021-01-04,31,364,8,283,23,81,0,0,31,364,0,0,31,364,California
Tehama,2021-01-05,70,434,43,326,27,108,0,0,67,428,3,3,67,431,California
Tehama,2021-01-06,71,505,21,347,50,158,0,0,62,482,8,11,62,493,California
Tehama,2021-01-07,56,561,7,354,49,207,0,0,55,536,1,12,55,548,California
Tehama,2021-01-08,30,591,24,378,6,213,0,0,25,556,5,17,25,573,California
Tehama,2021-01-09,7,598,5,383,2,215,0,0,5,559,2,19,5,578,California
Tehama,2021-01-10,1,599,0,383,1,216,0,0,1,560,0,19,1,579,California
Tehama,2021-01-11,47,646,46,429,1,217,0,0,14,541,33,52,14,593,California
Tehama,2021-01-12,116,762,96,525,20,237,0,0,71,567,45,97,71,664,California
Tehama,2021-01-13,72,834,55,580,17,254,0,0,26,547,46,143,26,690,California
Tehama,2021-01-14,224,1058,50,630,174,428,0,0,222,767,2,145,222,912,California
Tehama,2021-01-15,246,1304,74,704,172,600,0,0,242,1005,4,149,242,1154,California
Tehama,2021-01-16,272,1576,27,731,245,845,0,0,269,1271,3,152,269,1423,California
Tehama,2021-01-17,13,1589,9,740,4,849,0,0,11,1280,2,154,11,1434,California
Tehama,2021-01-18,10,1599,6,746,4,853,0,0,5,1280,5,159,5,1439,California
Tehama,2021-01-19,288,1887,62,808,226,1079,0,0,233,1458,55,214,233,1672,California
Tehama,2021-01-20,301,2188,87,895,214,1293,0,0,251,1660,49,263,251,1923,California
Tehama,2021-01-21,214,2402,11,906,203,1496,0,0,204,1854,10,273,204,2127,California
Tehama,2021-01-22,214,2616,12,918,202,1698,0,0,211,2062,3,276,211,2338,California
Tehama,2021-01-23,261,2877,10,928,251,1949,0,0,260,2321,1,277,260,2598,California
Tehama,2021-01-25,31,2908,13,941,18,1967,0,0,14,2318,17,294,14,2612,California
Tehama,2021-01-26,325,3233,42,983,283,2250,0,0,288,2569,37,331,288,2900,California
Tehama,2021-01-27,299,3532,21,1004,278,2528,0,0,279,2828,20,351,279,3179,California
Tehama,2021-01-28,340,3872,29,1033,311,2839,0,0,325,3138,15,366,325,3504,California
Tehama,2021-01-29,321,4193,19,1052,302,3141,0,0,304,3425,17,383,304,3808,California
Tehama,2021-01-30,103,4296,2,1054,101,3242,0,0,102,3526,1,384,102,3910,California
Tehama,2021-01-31,1,4297,0,1054,1,3243,0,0,1,3527,0,384,1,3911,California
Tehama,2021-02-01,77,4374,22,1076,55,3298,0,0,36,3522,41,425,36,3947,California
Tehama,2021-02-02,343,4717,63,1139,280,3578,0,0,246,3674,94,519,246,4193,California
Tehama,2021-02-03,378,5095,12,1151,366,3944,0,0,334,3964,44,563,334,4527,California
Tehama,2021-02-04,466,5561,99,1250,367,4311,0,0,387,4273,79,642,388,4915,California
Tehama,2021-02-05,164,5725,73,1323,91,4402,0,0,105,4319,59,701,105,5020,California
Tehama,2021-02-06,28,5753,13,1336,15,4417,0,0,16,4323,12,713,16,5036,California
Tehama,2021-02-07,5,5758,4,1340,1,4418,0,0,2,4322,3,716,2,5038,California
Tehama,2021-02-08,35,5793,14,1354,21,4439,0,0,27,4341,8,724,27,5065,California
Tehama,2021-02-09,77,5870,34,1388,43,4482,0,0,43,4350,34,758,43,5108,California
Tehama,2021-02-10,233,6103,62,1450,171,4653,0,0,158,4433,75,833,158,5266,California
Tehama,2021-02-11,219,6322,16,1466,203,4856,0,0,80,4376,137,970,80,5346,California
Tehama,2021-02-12,355,6677,57,1523,298,5154,0,0,174,4369,181,1151,174,5520,California
Tehama,2021-02-13,386,7063,13,1536,373,5527,0,0,147,4277,239,1390,147,5667,California
Tehama,2021-02-14,33,7096,0,1536,33,5560,0,0,32,4308,1,1391,32,5699,California
Tehama,2021-02-15,51,7147,9,1545,42,5602,0,0,45,4347,6,1397,45,5744,California
Tehama,2021-02-16,240,7387,16,1561,224,5826,0,0,58,4223,182,1579,58,5802,California
Tehama,2021-02-17,280,7667,12,1573,268,6094,0,0,54,4051,226,1805,54,5856,California
Tehama,2021-02-18,368,8035,32,1605,336,6430,0,0,144,3971,224,2029,144,6000,California
Tehama,2021-02-19,213,8248,18,1623,195,6625,0,0,42,3842,171,2200,42,6042,California
Tehama,2021-02-20,271,8519,6,1629,265,6890,0,0,26,3623,245,2445,26,6068,California
Tehama,2021-02-22,37,8556,13,1642,24,6914,0,0,24,3634,13,2458,24,6092,California
Tehama,2021-02-23,46,8602,19,1661,27,6941,0,0,26,3640,20,2478,26,6118,California
Tehama,2021-02-24,299,8901,12,1673,287,7228,0,0,26,3393,273,2751,26,6144,California
Tehama,2021-02-25,377,9278,61,1734,316,7544,0,0,37,3090,340,3091,37,6181,California
Tehama,2021-02-26,455,9733,19,1753,436,7980,0,0,70,2775,385,3476,70,6251,California
Tehama,2021-02-27,294,10027,5,1758,289,8269,0,0,34,2549,260,3736,34,6285,California
Tehama,2021-02-28,23,10050,2,1760,21,8290,0,0,20,2566,3,3739,20,6305,California
Tehama,2021-03-01,63,10113,8,1768,55,8345,0,0,29,2561,34,3773,29,6334,California
Tehama,2021-03-02,125,10238,18,1786,107,8452,0,0,29,2494,96,3869,29,6363,California
Tehama,2021-03-03,133,10371,33,1819,100,8552,0,0,47,2455,86,3955,47,6410,California
Tehama,2021-03-04,605,10976,35,1854,570,9122,0,0,222,2300,377,4332,222,6632,California
Tehama,2021-03-05,388,11364,18,1872,370,9492,0,0,215,2343,172,4504,215,6847,California
Tehama,2021-03-06,299,11663,17,1889,282,9774,0,0,81,2208,217,4721,82,6929,California
Tehama,2021-03-07,5,11668,1,1890,4,9778,0,0,3,2210,1,4722,3,6932,California
Tehama,2021-03-08,58,11726,12,1902,31,9809,15,15,27,2222,30,4752,42,6974,California
Tehama,2021-03-09,360,12086,5,1907,336,10145,19,34,305,2491,55,4807,324,7298,California
Tehama,2021-03-10,350,12436,12,1919,317,10462,21,55,68,2299,281,5088,89,7387,California
Tehama,2021-03-11,483,12919,15,1934,422,10884,46,101,341,2544,142,5230,387,7774,California
Tehama,2021-03-12,301,13220,19,1953,217,11101,65,166,176,2660,125,5355,241,8015,California
Tehama,2021-03-13,45,13265,8,1961,31,11132,6,172,6,2633,39,5394,12,8027,California
Tehama,2021-03-14,43,13308,3,1964,29,11161,11,183,2,2605,41,5435,13,8040,California
Tehama,2021-03-15,153,13461,21,1985,112,11273,20,203,86,2644,67,5502,106,8146,California
Tehama,2021-03-16,408,13869,14,1999,356,11629,38,241,309,2893,98,5600,347,8493,California
Tehama,2021-03-17,423,14292,22,2021,369,11998,32,273,338,3180,83,5683,370,8863,California
Tehama,2021-03-18,484,14776,25,2046,435,12433,24,297,306,3334,176,5859,330,9193,California
Tehama,2021-03-19,313,15089,23,2069,277,12710,13,310,271,3576,42,5901,284,9477,California
Tehama,2021-03-20,41,15130,8,2077,31,12741,2,312,29,3595,12,5913,31,9508,California
Tehama,2021-03-21,12,15142,5,2082,7,12748,0,312,12,3607,0,5913,12,9520,California
Tehama,2021-03-22,90,15232,7,2089,66,12814,17,329,49,3632,41,5954,66,9586,California
Tehama,2021-03-23,85,15317,24,2113,54,12868,7,336,66,3686,19,5973,73,9659,California
Tehama,2021-03-24,85,15402,16,2129,66,12934,3,339,55,3714,30,6003,58,9717,California
Tehama,2021-03-25,514,15916,351,2480,150,13084,13,352,467,4148,46,6049,480,10197,California
Tehama,2021-03-26,476,16392,368,2848,96,13180,12,364,401,4486,75,6124,413,10610,California
Tehama,2021-03-27,437,16829,348,3196,68,13248,21,385,374,4819,62,6186,395,11005,California
Tehama,2021-03-28,34,16863,13,3209,21,13269,0,385,22,4829,12,6198,22,11027,California
Tehama,2021-03-29,122,16985,32,3241,90,13359,0,385,77,4862,44,6242,77,11104,California
Tehama,2021-03-30,361,17346,212,3453,147,13506,2,387,247,4997,114,6356,249,11353,California
Tehama,2021-03-31,379,17725,278,3731,98,13604,3,390,306,5233,72,6428,308,11661,California
Tehama,2021-04-01,521,18246,244,3975,271,13875,6,396,389,5496,132,6560,395,12056,California
Tehama,2021-04-02,442,18688,204,4179,232,14107,6,402,257,5574,185,6745,263,12319,California
Tehama,2021-04-03,61,18749,3,4182,53,14160,5,407,30,5578,31,6776,35,12354,California
Tehama,2021-04-04,34,18783,6,4188,27,14187,1,408,22,5589,12,6788,23,12377,California
Tehama,2021-04-05,114,18897,20,4208,68,14255,26,434,59,5619,55,6843,85,12462,California
Tehama,2021-04-06,480,19377,105,4313,324,14579,51,485,133,5456,347,7190,184,12646,California
Tehama,2021-04-07,418,19795,279,4592,95,14674,44,529,304,5691,112,7302,347,12993,California
Tehama,2021-04-08,597,20392,172,4764,387,15061,38,567,228,5589,368,7670,266,13259,California
Tehama,2021-04-09,418,20810,185,4949,201,15262,32,599,208,5621,208,7878,240,13499,California
Tehama,2021-04-10,73,20883,9,4958,37,15299,27,626,39,5653,34,7912,66,13565,California
Tehama,2021-04-11,25,20908,7,4965,7,15306,11,637,8,5655,17,7929,19,13584,California
Tehama,2021-04-12,113,21021,6,4971,88,15394,19,656,44,5649,69,7998,63,13647,California
Tehama,2021-04-13,296,21317,57,5028,239,15633,0,656,62,5477,234,8232,62,13709,California
Tehama,2021-04-14,463,21780,48,5076,415,16048,0,656,51,5116,412,8644,51,13760,California
Tehama,2021-04-15,493,22273,192,5268,301,16349,0,656,84,4791,409,9053,84,13844,California
Tehama,2021-04-16,583,22856,331,5599,252,16601,0,656,95,4405,488,9541,102,13946,California
Tehama,2021-04-17,344,23200,266,5865,78,16679,0,656,50,4163,293,9834,51,13997,California
Tehama,2021-04-18,16,23216,2,5867,14,16693,0,656,12,4171,4,9838,12,14009,California
Tehama,2021-04-19,93,23309,7,5874,86,16779,0,656,41,4160,52,9890,41,14050,California
Tehama,2021-04-20,499,23808,412,6286,87,16866,0,656,149,3963,348,10238,151,14201,California
Tehama,2021-04-21,506,24314,438,6724,67,16933,1,657,182,3821,324,10562,182,14383,California
Tehama,2021-04-22,505,24819,358,7082,147,17080,0,657,149,3615,355,10917,149,14532,California
Tehama,2021-04-23,429,25248,332,7414,97,17177,0,657,199,3585,230,11147,200,14732,California
Tehama,2021-04-24,100,25348,13,7427,87,17264,0,657,29,3543,71,11218,29,14761,California
Tehama,2021-04-25,24,25372,14,7441,10,17274,0,657,11,3541,13,11231,11,14772,California
Tehama,2021-04-26,61,25433,6,7447,55,17329,0,657,36,3552,25,11256,36,14808,California
Tehama,2021-04-27,163,25596,140,7587,22,17351,1,658,51,3492,112,11368,52,14860,California
Trinity,2020-12-17,4,4,4,4,0,0,0,0,4,4,0,0,4,4,California
Trinity,2020-12-18,2,6,2,6,0,0,0,0,2,6,0,0,2,6,California
Trinity,2020-12-21,38,44,38,44,0,0,0,0,38,44,0,0,38,44,California
Trinity,2020-12-22,5,49,5,49,0,0,0,0,5,49,0,0,5,49,California
Trinity,2020-12-23,5,54,5,54,0,0,0,0,5,54,0,0,5,54,California
Trinity,2020-12-28,30,84,30,84,0,0,0,0,30,84,0,0,30,84,California
Trinity,2020-12-29,8,92,7,91,1,1,0,0,8,92,0,0,8,92,California
Trinity,2020-12-30,10,102,8,99,2,3,0,0,10,102,0,0,10,102,California
Trinity,2020-12-31,2,104,1,100,1,4,0,0,2,104,0,0,2,104,California
Trinity,2021-01-04,27,131,0,100,27,31,0,0,26,130,0,0,26,130,California
Trinity,2021-01-05,2,133,1,101,1,32,0,0,2,132,0,0,2,132,California
Trinity,2021-01-06,23,156,4,105,19,51,0,0,19,147,4,4,19,151,California
Trinity,2021-01-08,49,205,2,107,47,98,0,0,48,193,2,6,48,199,California
Trinity,2021-01-11,39,244,38,145,1,99,0,0,2,158,37,43,2,201,California
Trinity,2021-01-12,9,253,7,152,2,101,0,0,4,157,5,48,4,205,California
Trinity,2021-01-13,7,260,4,156,3,104,0,0,4,158,3,51,4,209,California
Trinity,2021-01-14,3,263,1,157,2,106,0,0,3,161,0,51,3,212,California
Trinity,2021-01-16,4,267,0,157,4,110,0,0,4,165,0,51,4,216,California
Trinity,2021-01-18,31,298,31,188,0,110,0,0,1,136,30,81,1,217,California
Trinity,2021-01-19,95,393,14,202,81,191,0,0,81,203,14,95,81,298,California
Trinity,2021-01-20,19,412,3,205,16,207,0,0,17,218,2,97,17,315,California
Trinity,2021-01-21,17,429,7,212,10,217,0,0,17,235,0,97,17,332,California
Trinity,2021-01-22,5,434,1,213,4,221,0,0,5,240,0,97,5,337,California
Trinity,2021-01-23,7,441,3,216,4,225,0,0,7,247,0,97,7,344,California
Trinity,2021-01-25,14,455,1,217,13,238,0,0,13,259,1,98,13,357,California
Trinity,2021-01-26,10,465,1,218,9,247,0,0,9,267,1,99,9,366,California
Trinity,2021-01-27,12,477,0,218,12,259,0,0,12,279,0,99,12,378,California
Trinity,2021-01-28,13,490,3,221,10,269,0,0,10,286,3,102,10,388,California
Trinity,2021-01-29,3,493,1,222,2,271,0,0,2,287,1,103,2,390,California
Trinity,2021-01-30,12,505,11,233,1,272,0,0,12,299,0,103,12,402,California
Trinity,2021-02-01,2,507,1,234,1,273,0,0,1,299,1,104,1,403,California
Trinity,2021-02-02,13,520,3,237,10,283,0,0,13,312,0,104,13,416,California
Trinity,2021-02-03,6,526,1,238,5,288,0,0,3,312,3,107,3,419,California
Trinity,2021-02-04,36,562,32,270,4,292,0,0,34,344,2,109,34,453,California
Trinity,2021-02-05,348,910,0,270,348,640,0,0,318,632,30,139,318,771,California
Trinity,2021-02-06,209,1119,5,275,204,844,0,0,202,827,7,146,202,973,California
Trinity,2021-02-07,1,1120,0,275,1,845,0,0,1,828,0,146,1,974,California
Trinity,2021-02-08,23,1143,0,275,23,868,0,0,15,835,8,154,15,989,California
Trinity,2021-02-09,21,1164,2,277,19,887,0,0,6,826,15,169,6,995,California
Trinity,2021-02-10,123,1287,10,287,113,1000,0,0,103,909,20,189,103,1098,California
Trinity,2021-02-11,335,1622,2,289,333,1333,0,0,329,1232,6,195,329,1427,California
Trinity,2021-02-12,9,1631,6,295,3,1336,0,0,9,1241,0,195,9,1436,California
Trinity,2021-02-13,12,1643,5,300,7,1343,0,0,5,1239,7,202,5,1441,California
Trinity,2021-02-14,2,1645,2,302,0,1343,0,0,2,1241,0,202,2,1443,California
Trinity,2021-02-15,46,1691,0,302,46,1389,0,0,46,1287,0,202,46,1489,California
Trinity,2021-02-16,7,1698,2,304,5,1394,0,0,4,1288,3,205,4,1493,California
Trinity,2021-02-17,94,1792,2,306,92,1486,0,0,84,1362,10,215,84,1577,California
Trinity,2021-02-18,4,1796,0,306,4,1490,0,0,1,1360,3,218,1,1578,California
Trinity,2021-02-19,209,2005,2,308,207,1697,0,0,196,1543,13,231,196,1774,California
Trinity,2021-02-20,141,2146,14,322,127,1824,0,0,113,1628,28,259,113,1887,California
Trinity,2021-02-22,3,2149,0,322,3,1827,0,0,0,1625,3,262,0,1887,California
Trinity,2021-02-23,8,2157,4,326,4,1831,0,0,3,1623,5,267,3,1890,California
Trinity,2021-02-24,30,2187,8,334,22,1853,0,0,7,1607,23,290,7,1897,California
Trinity,2021-02-25,36,2223,23,357,13,1866,0,0,5,1581,31,321,5,1902,California
Trinity,2021-02-26,11,2234,1,358,10,1876,0,0,5,1580,6,327,5,1907,California
Trinity,2021-02-27,9,2243,7,365,2,1878,0,0,4,1579,5,332,4,1911,California
Trinity,2021-03-01,8,2251,0,365,8,1886,0,0,5,1581,3,335,5,1916,California
Trinity,2021-03-02,8,2259,3,368,5,1891,0,0,1,1575,7,342,1,1917,California
Trinity,2021-03-03,5,2264,0,368,5,1896,0,0,4,1578,1,343,4,1921,California
Trinity,2021-03-04,20,2284,15,383,5,1901,0,0,13,1584,7,350,13,1934,California
Trinity,2021-03-05,300,2584,1,384,299,2200,0,0,37,1362,259,609,37,1971,California
Trinity,2021-03-06,200,2784,7,391,193,2393,0,0,27,1216,173,782,27,1998,California
Trinity,2021-03-07,3,2787,3,394,0,2393,0,0,2,1217,1,783,2,2000,California
Trinity,2021-03-08,3,2790,0,394,2,2395,1,1,1,1217,2,785,2,2002,California
Trinity,2021-03-09,93,2883,0,394,91,2486,2,3,89,1304,4,789,91,2093,California
Trinity,2021-03-10,127,3010,3,397,121,2607,3,6,38,1256,89,878,41,2134,California
Trinity,2021-03-11,8,3018,3,400,3,2610,2,8,4,1258,4,882,6,2140,California
Trinity,2021-03-12,340,3358,5,405,329,2939,6,14,47,1018,293,1175,53,2193,California
Trinity,2021-03-13,13,3371,8,413,3,2942,2,16,8,1023,5,1180,10,2203,California
Trinity,2021-03-15,66,3437,0,413,65,3007,1,17,14,986,52,1232,15,2218,California
Trinity,2021-03-16,115,3552,7,420,108,3115,0,17,101,1073,14,1246,101,2319,California
Trinity,2021-03-17,100,3652,3,423,97,3212,0,17,26,1025,74,1320,26,2345,California
Trinity,2021-03-18,10,3662,2,425,5,3217,3,20,5,1028,5,1325,8,2353,California
Trinity,2021-03-19,367,4029,4,429,253,3470,110,130,33,837,334,1659,143,2496,California
Trinity,2021-03-20,104,4133,7,436,97,3567,0,130,69,871,35,1694,69,2565,California
Trinity,2021-03-21,3,4136,0,436,2,3569,1,131,2,873,1,1695,3,2568,California
Trinity,2021-03-22,2,4138,0,436,2,3571,0,131,2,875,0,1695,2,2570,California
Trinity,2021-03-23,95,4233,1,437,94,3665,0,131,78,936,17,1712,78,2648,California
Trinity,2021-03-24,9,4242,1,438,8,3673,0,131,9,945,0,1712,9,2657,California
Trinity,2021-03-25,106,4348,7,445,93,3766,6,137,83,1011,23,1735,89,2746,California
Trinity,2021-03-26,18,4366,5,450,13,3779,0,137,12,1017,6,1741,12,2758,California
Trinity,2021-03-27,16,4382,4,454,3,3782,9,146,5,1020,11,1752,14,2772,California
Trinity,2021-03-28,5,4387,3,457,2,3784,0,146,1,1017,4,1756,1,2773,California
Trinity,2021-03-29,4,4391,0,457,4,3788,0,146,1,1015,3,1759,1,2774,California
Trinity,2021-03-30,75,4466,4,461,71,3859,0,146,67,1074,8,1767,67,2841,California
Trinity,2021-03-31,56,4522,5,466,19,3878,32,178,21,1091,35,1802,52,2893,California
Trinity,2021-04-01,38,4560,11,477,16,3894,11,189,19,1102,19,1821,30,2923,California
Trinity,2021-04-02,163,4723,6,483,83,3977,74,263,69,1152,93,1914,143,3066,California
Trinity,2021-04-03,19,4742,14,497,5,3982,0,263,9,1151,10,1924,9,3075,California
Trinity,2021-04-04,10,4752,8,505,2,3984,0,263,10,1161,0,1924,10,3085,California
Trinity,2021-04-05,59,4811,6,511,52,4036,1,264,55,1213,4,1928,56,3141,California
Trinity,2021-04-06,110,4921,13,524,94,4130,3,267,22,1150,88,2016,25,3166,California
Trinity,2021-04-07,21,4942,12,536,4,4134,5,272,13,1160,8,2024,18,3184,California
Trinity,2021-04-08,87,5029,10,546,75,4209,2,274,50,1175,37,2061,52,3236,California
Trinity,2021-04-09,118,5147,20,566,93,4302,5,279,84,1230,34,2095,89,3325,California
Trinity,2021-04-10,11,5158,7,573,4,4306,0,279,10,1239,1,2096,10,3335,California
Trinity,2021-04-11,8,5166,5,578,1,4307,2,281,4,1241,4,2100,6,3341,California
Trinity,2021-04-12,77,5243,5,583,71,4378,1,282,64,1293,12,2112,64,3405,California
Trinity,2021-04-13,96,5339,4,587,92,4470,0,282,10,1217,86,2198,10,3415,California
Trinity,2021-04-14,10,5349,5,592,5,4475,0,282,6,1219,4,2202,6,3421,California
Trinity,2021-04-15,43,5392,10,602,33,4508,0,282,14,1204,29,2231,14,3435,California
Trinity,2021-04-16,110,5502,12,614,98,4606,0,282,41,1179,69,2300,44,3479,California
Trinity,2021-04-17,11,5513,5,619,6,4612,0,282,9,1186,2,2302,9,3488,California
Trinity,2021-04-18,1,5514,1,620,0,4612,0,282,0,1185,1,2303,0,3488,California
Trinity,2021-04-19,3,5517,0,620,3,4615,0,282,3,1188,0,2303,3,3491,California
Trinity,2021-04-20,91,5608,8,628,83,4698,0,282,19,1135,72,2375,19,3510,California
Trinity,2021-04-21,23,5631,10,638,13,4711,0,282,10,1132,13,2388,10,3520,California
Trinity,2021-04-22,92,5723,7,645,85,4796,0,282,16,1072,76,2464,16,3536,California
Trinity,2021-04-23,117,5840,6,651,111,4907,0,282,104,1163,13,2477,104,3640,California
Trinity,2021-04-24,19,5859,14,665,5,4912,0,282,8,1160,11,2488,8,3648,California
Trinity,2021-04-25,9,5868,8,673,1,4913,0,282,2,1155,7,2495,2,3650,California
Trinity,2021-04-26,44,5912,5,678,39,4952,0,282,40,1191,4,2499,40,3690,California
Trinity,2021-04-27,30,5942,1,679,29,4981,0,282,4,1169,26,2525,4,3694,California
Tulare,2020-12-15,1,1,1,1,0,0,0,0,1,1,0,0,1,1,California
Tulare,2020-12-16,3,4,3,4,0,0,0,0,3,4,0,0,3,4,California
Tulare,2020-12-17,110,114,110,114,0,0,0,0,110,114,0,0,110,114,California
Tulare,2020-12-18,289,403,289,403,0,0,0,0,289,403,0,0,289,403,California
Tulare,2020-12-19,328,731,328,731,0,0,0,0,328,731,0,0,328,731,California
Tulare,2020-12-20,166,897,165,896,1,1,0,0,166,897,0,0,166,897,California
Tulare,2020-12-21,422,1319,422,1318,0,1,0,0,442,1339,0,0,442,1339,California
Tulare,2020-12-22,469,1788,467,1785,2,3,0,0,468,1807,0,0,468,1807,California
Tulare,2020-12-23,328,2116,320,2105,8,11,0,0,326,2133,0,0,326,2133,California
Tulare,2020-12-24,18,2134,16,2121,2,13,0,0,18,2151,0,0,18,2151,California
Tulare,2020-12-26,8,2142,7,2128,1,14,0,0,8,2159,0,0,8,2159,California
Tulare,2020-12-27,16,2158,12,2140,4,18,0,0,16,2175,0,0,16,2175,California
Tulare,2020-12-28,483,2641,471,2611,12,30,0,0,482,2657,0,0,482,2657,California
Tulare,2020-12-29,546,3187,478,3089,68,98,0,0,546,3203,0,0,546,3203,California
Tulare,2020-12-30,474,3661,435,3524,39,137,0,0,474,3677,0,0,474,3677,California
Tulare,2020-12-31,94,3755,22,3546,72,209,0,0,94,3771,0,0,94,3771,California
Tulare,2021-01-01,2,3757,1,3547,1,210,0,0,2,3773,0,0,2,3773,California
Tulare,2021-01-02,28,3785,17,3564,11,221,0,0,28,3801,0,0,28,3801,California
Tulare,2021-01-03,23,3808,9,3573,14,235,0,0,23,3824,0,0,23,3824,California
Tulare,2021-01-04,92,3900,16,3589,76,311,0,0,92,3916,0,0,92,3916,California
Tulare,2021-01-05,460,4360,278,3867,182,493,0,0,458,4372,2,2,458,4374,California
Tulare,2021-01-06,865,5225,636,4503,229,722,0,0,855,5217,10,12,855,5229,California
Tulare,2021-01-07,782,6007,584,5087,198,920,0,0,676,5787,106,118,676,5905,California
Tulare,2021-01-08,1267,7274,575,5662,692,1612,0,0,929,6379,337,455,929,6834,California
Tulare,2021-01-09,742,8016,204,5866,538,2150,0,0,554,6745,188,643,554,7388,California
Tulare,2021-01-10,50,8066,44,5910,6,2156,0,0,11,6717,39,682,11,7399,California
Tulare,2021-01-11,1266,9332,767,6677,499,2655,0,0,831,7113,435,1117,831,8230,California
Tulare,2021-01-12,1403,10735,488,7165,915,3570,0,0,996,7704,406,1523,997,9227,California
Tulare,2021-01-13,458,11193,228,7393,230,3800,0,0,383,8012,75,1598,383,9610,California
Tulare,2021-01-14,492,11685,141,7534,351,4151,0,0,466,8463,15,1613,466,10076,California
Tulare,2021-01-15,1620,13305,151,7685,1469,5620,0,0,1611,10065,9,1622,1611,11687,California
Tulare,2021-01-16,1901,15206,114,7799,1787,7407,0,0,1887,11938,14,1636,1887,13574,California
Tulare,2021-01-17,141,15347,122,7921,19,7426,0,0,131,12059,10,1646,131,13705,California
Tulare,2021-01-18,695,16042,662,8583,33,7459,0,0,295,11954,400,2046,295,14000,California
Tulare,2021-01-19,1006,17048,683,9266,323,7782,0,0,578,12104,428,2474,578,14578,California
Tulare,2021-01-20,2377,19425,564,9830,1813,9595,0,0,1991,13709,386,2860,1991,16569,California
Tulare,2021-01-21,1511,20936,150,9980,1361,10956,0,0,1485,15173,21,2881,1485,18054,California
Tulare,2021-01-22,1054,21990,185,10165,869,11825,0,0,1030,16180,23,2904,1030,19084,California
Tulare,2021-01-23,438,22428,156,10321,282,12107,0,0,417,16576,21,2925,417,19501,California
Tulare,2021-01-24,30,22458,27,10348,3,12110,0,0,28,16602,2,2927,28,19529,California
Tulare,2021-01-25,1324,23782,979,11327,345,12455,0,0,1295,17868,29,2956,1295,20824,California
Tulare,2021-01-26,1498,25280,1099,12426,399,12854,0,0,1173,18717,324,3280,1173,21997,California
Tulare,2021-01-27,1456,26736,1070,13496,386,13240,0,0,878,19017,578,3858,878,22875,California
Tulare,2021-01-28,1202,27938,768,14264,434,13674,0,0,807,19429,395,4253,807,23682,California
Tulare,2021-01-29,1129,29067,719,14983,410,14084,0,0,819,19938,310,4563,819,24501,California
Tulare,2021-01-30,1673,30740,1579,16562,94,14178,0,0,1649,21564,24,4587,1650,26151,California
Tulare,2021-01-31,51,30791,47,16609,4,14182,0,0,48,21609,3,4590,48,26199,California
Tulare,2021-02-01,1183,31974,916,17525,267,14449,0,0,831,22089,351,4941,831,27030,California
Tulare,2021-02-02,676,32650,328,17853,348,14797,0,0,445,22306,229,5170,446,27476,California
Tulare,2021-02-03,613,33263,287,18140,326,15123,0,0,336,22367,275,5445,336,27812,California
Tulare,2021-02-04,551,33814,164,18304,387,15510,0,0,266,22349,285,5730,267,28079,California
Tulare,2021-02-05,1230,35044,233,18537,997,16507,0,0,414,21949,814,6544,414,28493,California
Tulare,2021-02-06,834,35878,158,18695,676,17183,0,0,266,21649,566,7110,266,28759,California
Tulare,2021-02-07,78,35956,66,18761,12,17195,0,0,23,21617,55,7165,23,28782,California
Tulare,2021-02-08,941,36897,327,19088,614,17809,0,0,245,21169,693,7858,245,29027,California
Tulare,2021-02-09,1405,38302,327,19415,1078,18887,0,0,361,20491,1039,8897,361,29388,California
Tulare,2021-02-10,2470,40772,1987,21402,483,19370,0,0,2070,22164,397,9294,2070,31458,California
Tulare,2021-02-11,1322,42094,376,21778,946,20316,0,0,938,22718,384,9678,938,32396,California
Tulare,2021-02-12,2776,44870,576,22354,2200,22516,0,0,1213,22375,1556,11234,1213,33609,California
Tulare,2021-02-13,2479,47349,157,22511,2322,24838,0,0,666,21231,1810,13044,666,34275,California
Tulare,2021-02-14,333,47682,36,22547,297,25135,0,0,300,21498,33,13077,300,34575,California
Tulare,2021-02-15,915,48597,291,22838,624,25759,0,0,658,21900,256,13333,658,35233,California
Tulare,2021-02-16,2831,51428,1595,24433,1236,26995,0,0,1077,21224,1753,15086,1077,36310,California
Tulare,2021-02-17,2699,54127,509,24942,2190,29185,0,0,463,19456,2231,17317,463,36773,California
Tulare,2021-02-18,2299,56426,456,25398,1843,31028,0,0,632,18429,1659,18976,632,37405,California
Tulare,2021-02-19,2295,58721,855,26253,1440,32468,0,0,942,18020,1351,20327,942,38347,California
Tulare,2021-02-20,2989,61710,1892,28145,1097,33565,0,0,1267,17570,1717,22044,1267,39614,California
Tulare,2021-02-21,95,61805,91,28236,4,33569,0,0,60,17595,35,22079,60,39674,California
Tulare,2021-02-22,1105,62910,701,28937,404,33973,0,0,212,16915,892,22971,212,39886,California
Tulare,2021-02-23,1946,64856,940,29877,1006,34979,0,0,1457,17884,488,23459,1457,41343,California
Tulare,2021-02-24,2474,67330,1549,31426,925,35904,0,0,2096,19604,377,23836,2097,43440,California
Tulare,2021-02-25,3483,70813,1948,33374,1535,37439,0,0,3069,22263,410,24246,3069,46509,California
Tulare,2021-02-26,3837,74650,1879,35253,1958,39397,0,0,3375,25178,460,24706,3375,49884,California
Tulare,2021-02-27,2898,77548,1390,36643,1508,40905,0,0,2766,27823,121,24827,2766,52650,California
Tulare,2021-02-28,1305,78853,1034,37677,271,41176,0,0,1285,29090,18,24845,1285,53935,California
Tulare,2021-03-01,1738,80591,773,38450,965,42141,0,0,1554,30462,182,25027,1554,55489,California
Tulare,2021-03-02,2680,83271,1193,39643,1487,43628,0,0,2515,32815,163,25190,2516,58005,California
Tulare,2021-03-03,3889,87160,2572,42215,1317,44945,0,0,1938,32807,1948,27138,1940,59945,California
Tulare,2021-03-04,2871,90031,1294,43509,1577,46522,0,0,2555,35049,313,27451,2555,62500,California
Tulare,2021-03-05,3281,93312,1692,45201,1574,48096,15,15,2777,37343,500,27951,2794,65294,California
Tulare,2021-03-06,3058,96370,1431,46632,1568,49664,59,74,2811,39967,244,28195,2868,68162,California
Tulare,2021-03-07,1093,97463,683,47315,389,50053,21,95,1053,41001,40,28235,1074,69236,California
Tulare,2021-03-08,1664,99127,977,48292,519,50572,168,263,1351,42209,310,28545,1518,70754,California
Tulare,2021-03-09,3182,102309,2184,50476,851,51423,147,410,2786,44744,396,28941,2931,73685,California
Tulare,2021-03-10,2786,105095,1384,51860,1227,52650,175,585,2407,46953,371,29312,2580,76265,California
Tulare,2021-03-11,4135,109230,1961,53821,1873,54523,301,886,3200,49518,935,30247,3500,79765,California
Tulare,2021-03-12,4334,113564,2377,56198,1609,56132,348,1234,3066,51674,1260,31507,3416,83181,California
Tulare,2021-03-13,4005,117569,1846,58044,2054,58186,105,1339,3068,53916,931,32438,3173,86354,California
Tulare,2021-03-14,1801,119370,973,59017,609,58795,219,1558,1273,54880,527,32965,1491,87845,California
Tulare,2021-03-15,2719,122089,1601,60618,1003,59798,115,1673,1947,56173,770,33735,2063,89908,California
Tulare,2021-03-16,3420,125509,2114,62732,1229,61027,77,1750,1872,56580,1545,35280,1952,91860,California
Tulare,2021-03-17,4008,129517,2604,65336,1327,62354,77,1827,2267,57196,1735,37015,2351,94211,California
Tulare,2021-03-18,4560,134077,3317,68653,1171,63525,72,1899,2424,57563,2131,39146,2498,96709,California
Tulare,2021-03-19,5054,139131,3311,71964,1547,65072,196,2095,2712,58146,2327,41473,2910,99619,California
Tulare,2021-03-20,4428,143559,2746,74710,1310,66382,372,2467,2093,58286,2328,43801,2468,102087,California
Tulare,2021-03-21,1896,145455,1624,76334,246,66628,26,2493,967,58352,926,44727,992,103079,California
Tulare,2021-03-22,2485,147940,1697,78031,677,67305,111,2604,1666,59318,813,45540,1779,104858,California
Tulare,2021-03-23,3720,151660,2137,80168,1531,68836,52,2656,2079,59824,1631,47171,2137,106995,California
Tulare,2021-03-24,3173,154833,1967,82135,1164,70000,42,2698,1825,60350,1341,48512,1867,108862,California
Tulare,2021-03-25,3402,158235,1749,83884,1480,71480,173,2871,1669,60466,1728,50240,1844,110706,California
Tulare,2021-03-26,5178,163413,3087,86971,1982,73462,109,2980,2551,60517,2609,52849,2660,113366,California
Tulare,2021-03-27,3460,166873,1766,88737,1597,75059,97,3077,947,59058,2506,55355,1047,114413,California
Tulare,2021-03-28,1435,168308,1036,89773,368,75427,31,3108,664,58989,770,56125,701,115114,California
Tulare,2021-03-29,2863,171171,1640,91413,1111,76538,112,3220,1226,58695,1633,57758,1339,116453,California
Tulare,2021-03-30,4645,175816,2638,94051,1777,78315,230,3450,1480,57244,3158,60916,1707,118160,California
Tulare,2021-03-31,3717,179533,2173,96224,1433,79748,111,3561,1503,56654,2206,63122,1616,119776,California
Tulare,2021-04-01,4322,183855,2336,98560,1921,81669,65,3626,1511,55428,2803,65925,1577,121353,California
Tulare,2021-04-02,5153,189008,2923,101483,2113,83782,117,3743,1650,53709,3487,69412,1768,123121,California
Tulare,2021-04-03,3438,192446,2004,103487,1122,84904,312,4055,850,52319,2551,71963,1161,124282,California
Tulare,2021-04-04,1618,194064,1133,104620,478,85382,7,4062,392,51494,1224,73187,399,124681,California
Tulare,2021-04-05,3291,197355,2312,106932,716,86098,263,4325,855,50187,2426,75613,1119,125800,California
Tulare,2021-04-06,3381,200736,1464,108396,1426,87524,491,4816,929,49165,2448,78061,1426,127226,California
Tulare,2021-04-07,3734,204470,1799,110195,1516,89040,419,5235,1231,48310,2495,80556,1640,128866,California
Tulare,2021-04-08,4643,209113,2586,112781,1602,90642,455,5690,1515,47158,3120,83676,1968,130834,California
Tulare,2021-04-09,4725,213838,2921,115702,1390,92032,414,6104,1810,46475,2908,86584,2225,133059,California
Tulare,2021-04-10,3785,217623,2037,117739,1434,93466,314,6418,974,44957,2804,89388,1286,134345,California
Tulare,2021-04-11,1574,219197,1034,118773,468,93934,72,6490,594,44646,977,90365,666,135011,California
Tulare,2021-04-12,3368,222565,2104,120877,670,94604,594,7084,1084,44058,2267,92632,1679,136690,California
Tulare,2021-04-13,2392,224957,1578,122455,804,95408,10,7094,911,43508,1473,94105,923,137613,California
Tulare,2021-04-14,2807,227764,1662,124117,1145,96553,0,7094,909,42521,1896,96001,909,138522,California
Tulare,2021-04-15,3175,230939,2070,126187,1105,97658,0,7094,1436,42227,1730,97731,1436,139958,California
Tulare,2021-04-16,3610,234549,2208,128395,1402,99060,0,7094,1466,41559,2135,99866,1467,141425,California
Tulare,2021-04-17,2150,236699,1261,129656,889,99949,0,7094,1165,41743,982,100848,1166,142591,California
Tulare,2021-04-18,1503,238202,1175,130831,328,100277,0,7094,823,41887,679,101527,823,143414,California
Tulare,2021-04-19,2103,240305,1211,132042,890,101167,2,7096,896,41579,1206,102733,898,144312,California
Tulare,2021-04-20,2278,242583,1262,133304,1016,102183,0,7096,999,41312,1266,103999,999,145311,California
Tulare,2021-04-21,2153,244736,1304,134608,849,103032,0,7096,825,40844,1293,105292,825,146136,California
Tulare,2021-04-22,2090,246826,1168,135776,922,103954,0,7096,744,40260,1328,106620,744,146880,California
Tulare,2021-04-23,2433,249259,1535,137311,897,104851,1,7097,978,39793,1445,108065,978,147858,California
Tulare,2021-04-24,1513,250772,987,138298,524,105375,2,7099,784,39854,725,108790,786,148644,California
Tulare,2021-04-25,489,251261,372,138670,117,105492,0,7099,204,39774,284,109074,204,148848,California
Tulare,2021-04-26,1192,252453,687,139357,486,105978,19,7118,505,39615,681,109755,522,149370,California
Tulare,2021-04-27,728,253181,269,139626,440,106418,19,7137,333,39573,393,110148,351,149721,California
Tuolumne,2020-12-16,45,45,45,45,0,0,0,0,45,45,0,0,45,45,California
Tuolumne,2020-12-17,17,62,17,62,0,0,0,0,17,62,0,0,17,62,California
Tuolumne,2020-12-18,101,163,100,162,1,1,0,0,101,163,0,0,101,163,California
Tuolumne,2020-12-19,5,168,5,167,0,1,0,0,5,168,0,0,5,168,California
Tuolumne,2020-12-20,1,169,1,168,0,1,0,0,1,169,0,0,1,169,California
Tuolumne,2020-12-21,112,281,98,266,14,15,0,0,112,281,0,0,112,281,California
Tuolumne,2020-12-22,169,450,169,435,0,15,0,0,169,450,0,0,169,450,California
Tuolumne,2020-12-23,186,636,184,619,2,17,0,0,186,636,0,0,186,636,California
Tuolumne,2020-12-26,3,639,3,622,0,17,0,0,3,639,0,0,3,639,California
Tuolumne,2020-12-28,77,716,75,697,2,19,0,0,77,716,0,0,77,716,California
Tuolumne,2020-12-29,102,818,39,736,63,82,0,0,102,818,0,0,102,818,California
Tuolumne,2020-12-30,77,895,22,758,55,137,0,0,77,895,0,0,77,895,California
Tuolumne,2020-12-31,27,922,20,778,7,144,0,0,27,922,0,0,27,922,California
Tuolumne,2021-01-01,6,928,5,783,1,145,0,0,6,928,0,0,6,928,California
Tuolumne,2021-01-02,118,1046,115,898,3,148,0,0,118,1046,0,0,118,1046,California
Tuolumne,2021-01-03,3,1049,2,900,1,149,0,0,3,1049,0,0,3,1049,California
Tuolumne,2021-01-04,68,1117,25,925,43,192,0,0,68,1117,0,0,68,1117,California
Tuolumne,2021-01-05,91,1208,26,951,65,257,0,0,89,1204,2,2,89,1206,California
Tuolumne,2021-01-06,111,1319,51,1002,60,317,0,0,68,1229,43,45,68,1274,California
Tuolumne,2021-01-07,119,1438,62,1064,57,374,0,0,64,1238,55,100,64,1338,California
Tuolumne,2021-01-08,103,1541,79,1143,24,398,0,0,26,1189,76,176,27,1365,California
Tuolumne,2021-01-09,1,1542,0,1143,1,399,0,0,1,1190,0,176,1,1366,California
Tuolumne,2021-01-10,3,1545,1,1144,2,401,0,0,3,1193,0,176,3,1369,California
Tuolumne,2021-01-11,114,1659,88,1232,26,427,0,0,33,1145,81,257,33,1402,California
Tuolumne,2021-01-12,101,1760,85,1317,16,443,0,0,17,1078,84,341,17,1419,California
Tuolumne,2021-01-13,230,1990,125,1442,105,548,0,0,181,1211,49,390,182,1601,California
Tuolumne,2021-01-14,130,2120,90,1532,40,588,0,0,43,1168,86,476,43,1644,California
Tuolumne,2021-01-15,476,2596,74,1606,402,990,0,0,413,1520,62,538,414,2058,California
Tuolumne,2021-01-16,7,2603,3,1609,4,994,0,0,6,1525,1,539,6,2064,California
Tuolumne,2021-01-17,7,2610,4,1613,3,997,0,0,6,1531,0,539,6,2070,California
Tuolumne,2021-01-18,46,2656,38,1651,8,1005,0,0,9,1504,36,575,9,2079,California
Tuolumne,2021-01-19,473,3129,72,1723,401,1406,0,0,428,1887,45,620,428,2507,California
Tuolumne,2021-01-20,76,3205,58,1781,18,1424,0,0,24,1860,51,671,24,2531,California
Tuolumne,2021-01-21,56,3261,22,1803,34,1458,0,0,41,1886,15,686,41,2572,California
Tuolumne,2021-01-22,166,3427,16,1819,150,1608,0,0,159,2038,7,693,159,2731,California
Tuolumne,2021-01-23,665,4092,147,1966,518,2126,0,0,552,2487,113,806,562,3293,California
Tuolumne,2021-01-24,523,4615,1,1967,522,2648,0,0,519,3004,3,809,520,3813,California
Tuolumne,2021-01-25,48,4663,27,1994,21,2669,0,0,22,3001,26,835,23,3836,California
Tuolumne,2021-01-26,80,4743,68,2062,12,2681,0,0,40,3002,40,875,41,3877,California
Tuolumne,2021-01-27,60,4803,4,2066,56,2737,0,0,7,2957,52,927,7,3884,California
Tuolumne,2021-01-28,27,4830,7,2073,20,2757,0,0,18,2966,9,936,18,3902,California
Tuolumne,2021-01-29,72,4902,6,2079,66,2823,0,0,34,2962,38,974,34,3936,California
Tuolumne,2021-01-30,709,5611,552,2631,157,2980,0,0,687,3643,22,996,703,4639,California
Tuolumne,2021-01-31,8,5619,2,2633,6,2986,0,0,5,3645,3,999,5,4644,California
Tuolumne,2021-02-01,24,5643,6,2639,18,3004,0,0,21,3663,3,1002,21,4665,California
Tuolumne,2021-02-02,645,6288,36,2675,609,3613,0,0,635,4289,9,1011,635,5300,California
Tuolumne,2021-02-03,238,6526,108,2783,130,3743,0,0,85,4221,153,1164,85,5385,California
Tuolumne,2021-02-04,125,6651,13,2796,112,3855,0,0,62,4220,63,1227,62,5447,California
Tuolumne,2021-02-05,99,6750,12,2808,87,3942,0,0,36,4194,62,1289,36,5483,California
Tuolumne,2021-02-06,852,7602,580,3388,272,4214,0,0,849,5040,3,1292,849,6332,California
Tuolumne,2021-02-07,7,7609,4,3392,3,4217,0,0,3,5039,4,1296,3,6335,California
Tuolumne,2021-02-08,91,7700,40,3432,51,4268,0,0,67,5082,24,1320,67,6402,California
Tuolumne,2021-02-09,864,8564,53,3485,811,5079,0,0,826,5870,38,1358,826,7228,California
Tuolumne,2021-02-10,87,8651,15,3500,72,5151,0,0,27,5838,59,1417,27,7255,California
Tuolumne,2021-02-11,142,8793,66,3566,76,5227,0,0,75,5846,67,1484,75,7330,California
Tuolumne,2021-02-12,640,9433,19,3585,621,5848,0,0,203,5613,436,1920,203,7533,California
Tuolumne,2021-02-13,146,9579,42,3627,104,5952,0,0,115,5703,25,1945,115,7648,California
Tuolumne,2021-02-14,148,9727,12,3639,136,6088,0,0,147,5849,1,1946,147,7795,California
Tuolumne,2021-02-15,184,9911,10,3649,174,6262,0,0,175,6015,9,1955,175,7970,California
Tuolumne,2021-02-16,525,10436,17,3666,508,6770,0,0,123,5740,400,2355,125,8095,California
Tuolumne,2021-02-17,108,10544,63,3729,45,6815,0,0,62,5757,45,2400,62,8157,California
Tuolumne,2021-02-18,675,11219,26,3755,649,7464,0,0,627,6336,48,2448,627,8784,California
Tuolumne,2021-02-19,142,11361,23,3778,119,7583,0,0,43,6280,99,2547,43,8827,California
Tuolumne,2021-02-20,904,12265,342,4120,562,8145,0,0,386,6161,506,3053,387,9214,California
Tuolumne,2021-02-21,975,13240,36,4156,939,9084,0,0,471,6131,501,3554,471,9685,California
Tuolumne,2021-02-22,77,13317,56,4212,21,9105,0,0,46,6147,30,3584,46,9731,California
Tuolumne,2021-02-23,46,13363,23,4235,23,9128,0,0,25,6152,20,3604,25,9756,California
Tuolumne,2021-02-24,102,13465,58,4293,44,9172,0,0,43,6137,58,3662,43,9799,California
Tuolumne,2021-02-25,1053,14518,36,4329,1017,10189,0,0,1022,7128,31,3693,1022,10821,California
Tuolumne,2021-02-26,143,14661,10,4339,133,10322,0,0,121,7227,22,3715,121,10942,California
Tuolumne,2021-02-27,947,15608,576,4915,371,10693,0,0,246,6789,685,4400,247,11189,California
Tuolumne,2021-02-28,55,15663,4,4919,51,10744,0,0,52,6839,2,4402,52,11241,California
Tuolumne,2021-03-01,111,15774,21,4940,90,10834,0,0,76,6883,33,4435,77,11318,California
Tuolumne,2021-03-02,705,16479,73,5013,632,11466,0,0,106,6391,598,5033,106,11424,California
Tuolumne,2021-03-03,88,16567,20,5033,68,11534,0,0,64,6431,24,5057,64,11488,California
Tuolumne,2021-03-04,1166,17733,73,5106,1093,12627,0,0,1103,7471,63,5120,1103,12591,California
Tuolumne,2021-03-05,85,17818,10,5116,75,12702,0,0,48,7484,36,5156,49,12640,California
Tuolumne,2021-03-06,1051,18869,604,5720,445,13147,2,2,204,6844,846,6002,206,12846,California
Tuolumne,2021-03-07,40,18909,12,5732,14,13161,14,16,18,6854,22,6024,32,12878,California
Tuolumne,2021-03-08,197,19106,89,5821,101,13262,7,23,141,6946,56,6080,148,13026,California
Tuolumne,2021-03-09,854,19960,16,5837,827,14089,11,34,66,6238,786,6866,78,13104,California
Tuolumne,2021-03-10,74,20034,12,5849,51,14140,11,45,51,6277,23,6889,62,13166,California
Tuolumne,2021-03-11,1275,21309,35,5884,1234,15374,6,51,1250,7510,25,6914,1258,14424,California
Tuolumne,2021-03-12,296,21605,33,5917,248,15622,15,66,191,7615,104,7018,209,14633,California
Tuolumne,2021-03-13,112,21717,12,5929,100,15722,0,66,91,7686,21,7039,92,14725,California
Tuolumne,2021-03-14,142,21859,8,5937,125,15847,9,75,8,7574,134,7173,22,14747,California
Tuolumne,2021-03-15,292,22151,79,6016,211,16058,2,77,101,7493,191,7364,110,14857,California
Tuolumne,2021-03-16,803,22954,38,6054,754,16812,11,88,666,8033,137,7501,677,15534,California
Tuolumne,2021-03-17,152,23106,31,6085,108,16920,13,101,79,8052,72,7573,91,15625,California
Tuolumne,2021-03-18,946,24052,28,6113,905,17825,13,114,319,7758,627,8200,333,15958,California
Tuolumne,2021-03-19,131,24183,16,6129,83,17908,32,146,70,7800,59,8259,101,16059,California
Tuolumne,2021-03-20,89,24272,6,6135,73,17981,10,156,37,7795,51,8310,46,16105,California
Tuolumne,2021-03-21,833,25105,390,6525,434,18415,9,165,40,7053,791,9101,49,16154,California
Tuolumne,2021-03-22,163,25268,72,6597,72,18487,19,184,97,7103,66,9167,116,16270,California
Tuolumne,2021-03-23,706,25974,637,7234,55,18542,14,198,670,7750,36,9203,683,16953,California
Tuolumne,2021-03-24,107,26081,19,7253,70,18612,18,216,75,7812,31,9234,93,17046,California
Tuolumne,2021-03-25,1292,27373,23,7276,1266,19878,3,219,322,7168,969,10203,325,17371,California
Tuolumne,2021-03-26,267,27640,15,7291,229,20107,23,242,110,7154,147,10350,133,17504,California
Tuolumne,2021-03-27,577,28217,56,7347,521,20628,0,242,315,7209,261,10611,316,17820,California
Tuolumne,2021-03-28,51,28268,8,7355,43,20671,0,242,11,7183,38,10649,12,17832,California
Tuolumne,2021-03-29,200,28468,81,7436,119,20790,0,242,105,7195,93,10742,105,17937,California
Tuolumne,2021-03-30,161,28629,13,7449,147,20937,1,243,118,7272,42,10784,119,18056,California
Tuolumne,2021-03-31,91,28720,14,7463,75,21012,2,245,34,7254,56,10840,38,18094,California
Tuolumne,2021-04-01,1231,29951,28,7491,1203,22215,0,245,215,6456,1014,11854,216,18310,California
Tuolumne,2021-04-02,163,30114,12,7503,125,22340,26,271,90,6500,72,11926,116,18426,California
Tuolumne,2021-04-03,415,30529,34,7537,380,22720,1,272,230,6548,185,12111,233,18659,California
Tuolumne,2021-04-04,33,30562,2,7539,31,22751,0,272,21,6559,10,12121,21,18680,California
Tuolumne,2021-04-05,128,30690,20,7559,102,22853,6,278,57,6551,71,12192,63,18743,California
Tuolumne,2021-04-06,634,31324,507,8066,100,22953,27,305,503,6951,131,12323,531,19274,California
Tuolumne,2021-04-07,122,31446,38,8104,68,23021,16,321,44,6933,78,12401,60,19334,California
Tuolumne,2021-04-08,1417,32863,31,8135,1372,24393,14,335,232,5996,1183,13584,246,19580,California
Tuolumne,2021-04-09,270,33133,42,8177,184,24577,44,379,129,6032,139,13723,175,19755,California
Tuolumne,2021-04-10,59,33192,3,8180,34,24611,22,401,24,6044,34,13757,46,19801,California
Tuolumne,2021-04-11,17,33209,2,8182,12,24623,3,404,12,6054,5,13762,15,19816,California
Tuolumne,2021-04-12,161,33370,67,8249,88,24711,6,410,87,6079,68,13830,93,19909,California
Tuolumne,2021-04-13,782,34152,36,8285,746,25457,0,410,167,5638,608,14438,167,20076,California
Tuolumne,2021-04-14,138,34290,27,8312,111,25568,0,410,66,5636,69,14507,67,20143,California
Tuolumne,2021-04-15,336,34626,21,8333,315,25883,0,410,58,5421,273,14780,58,20201,California
Tuolumne,2021-04-16,234,34860,50,8383,184,26067,0,410,133,5459,95,14875,133,20334,California
Tuolumne,2021-04-17,46,34906,7,8390,39,26106,0,410,29,5471,17,14892,29,20363,California
Tuolumne,2021-04-18,7,34913,2,8392,5,26111,0,410,3,5470,4,14896,3,20366,California
Tuolumne,2021-04-19,167,35080,77,8469,90,26201,0,410,90,5486,74,14970,90,20456,California
Tuolumne,2021-04-20,709,35789,614,9083,95,26296,0,410,77,4937,626,15596,77,20533,California
Tuolumne,2021-04-21,105,35894,25,9108,80,26376,0,410,59,4955,41,15637,59,20592,California
Tuolumne,2021-04-22,688,36582,46,9154,642,27018,0,410,418,5113,260,15897,418,21010,California
Tuolumne,2021-04-23,155,36737,30,9184,125,27143,0,410,81,5122,72,15969,81,21091,California
Tuolumne,2021-04-24,71,36808,12,9196,59,27202,0,410,46,5143,25,15994,46,21137,California
Tuolumne,2021-04-25,20,36828,4,9200,16,27218,0,410,17,5157,3,15997,17,21154,California
Tuolumne,2021-04-26,112,36940,55,9255,57,27275,0,410,53,5152,58,16055,53,21207,California
Tuolumne,2021-04-27,78,37018,13,9268,63,27338,2,412,29,5134,49,16104,31,21238,California
Ventura,2020-12-15,5,5,5,5,0,0,0,0,5,5,0,0,5,5,California
Ventura,2020-12-16,72,77,72,77,0,0,0,0,72,77,0,0,72,77,California
Ventura,2020-12-17,250,327,250,327,0,0,0,0,250,327,0,0,250,327,California
Ventura,2020-12-18,1411,1738,1411,1738,0,0,0,0,1411,1738,0,0,1411,1738,California
Ventura,2020-12-19,910,2648,910,2648,0,0,0,0,910,2648,0,0,910,2648,California
Ventura,2020-12-20,429,3077,429,3077,0,0,0,0,429,3077,0,0,429,3077,California
Ventura,2020-12-21,1470,4547,1470,4547,0,0,0,0,1470,4547,0,0,1470,4547,California
Ventura,2020-12-22,1103,5650,1098,5645,5,5,0,0,1103,5650,0,0,1103,5650,California
Ventura,2020-12-23,1027,6677,980,6625,47,52,0,0,1027,6677,0,0,1027,6677,California
Ventura,2020-12-24,477,7154,379,7004,98,150,0,0,477,7154,0,0,477,7154,California
Ventura,2020-12-25,11,7165,7,7011,4,154,0,0,11,7165,0,0,11,7165,California
Ventura,2020-12-26,111,7276,90,7101,21,175,0,0,111,7276,0,0,111,7276,California
Ventura,2020-12-27,58,7334,27,7128,31,206,0,0,58,7334,0,0,58,7334,California
Ventura,2020-12-28,1068,8402,929,8057,139,345,0,0,1068,8402,0,0,1068,8402,California
Ventura,2020-12-29,1167,9569,762,8819,405,750,0,0,1167,9569,0,0,1167,9569,California
Ventura,2020-12-30,1983,11552,1518,10337,465,1215,0,0,1983,11552,0,0,1983,11552,California
Ventura,2020-12-31,479,12031,162,10499,317,1532,0,0,479,12031,0,0,479,12031,California
Ventura,2021-01-01,21,12052,6,10505,15,1547,0,0,21,12052,0,0,21,12052,California
Ventura,2021-01-02,172,12224,79,10584,93,1640,0,0,172,12224,0,0,172,12224,California
Ventura,2021-01-03,15,12239,8,10592,7,1647,0,0,15,12239,0,0,15,12239,California
Ventura,2021-01-04,1080,13319,549,11141,531,2178,0,0,1079,13318,0,0,1079,13318,California
Ventura,2021-01-05,1371,14690,775,11916,596,2774,0,0,1330,14607,41,41,1330,14648,California
Ventura,2021-01-06,2058,16748,1180,13096,878,3652,0,0,1627,15814,422,463,1629,16277,California
Ventura,2021-01-07,2068,18816,1327,14423,741,4393,0,0,1181,16110,885,1348,1181,17458,California
Ventura,2021-01-08,2198,21014,1476,15899,722,5115,0,0,905,15725,1291,2639,906,18364,California
Ventura,2021-01-09,721,21735,500,16399,221,5336,0,0,319,15642,402,3041,319,18683,California
Ventura,2021-01-10,340,22075,326,16725,14,5350,0,0,126,15554,214,3255,126,18809,California
Ventura,2021-01-11,2445,24520,1488,18213,957,6307,0,0,1492,16096,953,4208,1495,20304,California
Ventura,2021-01-12,3037,27557,1607,19820,1430,7737,0,0,2014,17087,1023,5231,2014,22318,California
Ventura,2021-01-13,2924,30481,1423,21243,1501,9238,0,0,2041,18249,880,6111,2042,24360,California
Ventura,2021-01-14,2728,33209,1058,22301,1670,10908,0,0,2283,20089,444,6555,2284,26644,California
Ventura,2021-01-15,2887,36096,969,23270,1918,12826,0,0,2675,22553,212,6767,2676,29320,California
Ventura,2021-01-16,483,36579,186,23456,297,13123,0,0,403,22876,80,6847,403,29723,California
Ventura,2021-01-17,260,36839,137,23593,123,13246,0,0,254,23124,6,6853,254,29977,California
Ventura,2021-01-18,2218,39057,1672,25265,546,13792,0,0,1668,24244,549,7402,1669,31646,California
Ventura,2021-01-19,3035,42092,2116,27381,919,14711,0,0,2144,25499,891,8293,2146,33792,California
Ventura,2021-01-20,4059,46151,3108,30489,951,15662,0,0,3023,27490,1033,9326,3024,36816,California
Ventura,2021-01-21,3836,49987,2670,33159,1166,16828,0,0,3166,29990,667,9993,3167,39983,California
Ventura,2021-01-22,3608,53595,2490,35649,1118,17946,0,0,3447,33276,161,10154,3447,43430,California
Ventura,2021-01-23,1184,54779,650,36299,534,18480,0,0,1083,34261,100,10254,1085,44515,California
Ventura,2021-01-24,451,55230,137,36436,314,18794,0,0,438,34686,13,10267,438,44953,California
Ventura,2021-01-25,3149,58379,2029,38465,1120,19914,0,0,2598,36735,550,10817,2599,47552,California
Ventura,2021-01-26,3707,62086,2201,40666,1506,21420,0,0,2711,38452,995,11812,2712,50264,California
Ventura,2021-01-27,3457,65543,1557,42223,1900,23320,0,0,2718,40435,735,12547,2718,52982,California
Ventura,2021-01-28,3864,69407,1987,44210,1877,25197,0,0,3250,43090,597,13144,3252,56234,California
Ventura,2021-01-29,4262,73669,2521,46731,1741,26938,0,0,3761,46366,488,13632,3764,59998,California
Ventura,2021-01-30,3033,76702,1962,48693,1071,28009,0,0,2864,49065,166,13798,2865,62863,California
Ventura,2021-01-31,831,77533,444,49137,387,28396,0,0,746,49726,85,13883,746,63609,California
Ventura,2021-02-01,3937,81470,2109,51246,1828,30224,0,0,3167,52127,767,14650,3168,66777,California
Ventura,2021-02-02,4399,85869,2371,53617,2028,32252,0,0,3377,54487,1018,15668,3378,70155,California
Ventura,2021-02-03,4452,90321,2089,55706,2363,34615,0,0,3441,56923,1006,16674,3442,73597,California
Ventura,2021-02-04,4769,95090,2285,57991,2484,37099,0,0,3517,59197,1245,17919,3519,77116,California
Ventura,2021-02-05,4828,99918,2310,60301,2518,39617,0,0,3338,61060,1477,19396,3340,80456,California
Ventura,2021-02-06,2833,102751,1514,61815,1319,40936,0,0,2431,63090,401,19797,2431,82887,California
Ventura,2021-02-07,710,103461,241,62056,469,41405,0,0,584,63549,126,19923,585,83472,California
Ventura,2021-02-08,3495,106956,1622,63678,1873,43278,0,0,2425,64909,1065,20988,2425,85897,California
Ventura,2021-02-09,4716,111672,1973,65651,2743,46021,0,0,2467,65130,2248,23236,2469,88366,California
Ventura,2021-02-10,4711,116383,2235,67886,2476,48497,0,0,2403,65237,2297,25533,2404,90770,California
Ventura,2021-02-11,4658,121041,1862,69748,2796,51293,0,0,2446,65481,2205,27738,2449,93219,California
Ventura,2021-02-12,6298,127339,2657,72405,3641,54934,0,0,3221,65627,3075,30813,3221,96440,California
Ventura,2021-02-13,3293,130632,1826,74231,1467,56401,0,0,1842,66024,1447,32260,1844,98284,California
Ventura,2021-02-14,1227,131859,124,74355,1103,57504,0,0,1010,66818,217,32477,1011,99295,California
Ventura,2021-02-15,3985,135844,1795,76150,2190,59694,0,0,2115,67066,1867,34344,2115,101410,California
Ventura,2021-02-16,5534,141378,2702,78852,2832,62526,0,0,3008,67555,2519,36863,3008,104418,California
Ventura,2021-02-17,5229,146607,1919,80771,3310,65836,0,0,3263,68861,1957,38820,3263,107681,California
Ventura,2021-02-18,5777,152384,1830,82601,3947,69783,0,0,3637,70367,2131,40951,3637,111318,California
Ventura,2021-02-19,6449,158833,3769,86370,2680,72463,0,0,3011,69949,3431,44382,3013,114331,California
Ventura,2021-02-20,4926,163759,3162,89532,1764,74227,0,0,2771,70570,2151,46533,2772,117103,California
Ventura,2021-02-21,1043,164802,755,90287,288,74515,0,0,428,70388,610,47143,428,117531,California
Ventura,2021-02-22,5364,170166,2407,92694,2957,77472,0,0,3450,71933,1905,49048,3450,120981,California
Ventura,2021-02-23,5923,176089,2963,95657,2960,80432,0,0,3414,72856,2493,51541,3416,124397,California
Ventura,2021-02-24,6996,183085,2609,98266,4387,84819,0,0,4249,74374,2733,54274,4251,128648,California
Ventura,2021-02-25,7486,190571,2571,100837,4915,89734,0,0,4574,76052,2898,57172,4576,133224,California
Ventura,2021-02-26,9333,199904,2760,103597,6573,96307,0,0,6159,79064,3149,60321,6161,139385,California
Ventura,2021-02-27,9987,209891,5267,108864,4720,101027,0,0,7368,83836,2604,62925,7376,146761,California
Ventura,2021-02-28,2564,212455,1631,110495,932,101959,1,1,2096,85470,462,63387,2096,148857,California
Ventura,2021-03-01,6934,219389,2807,113302,4127,106086,0,1,4621,87800,2304,65691,4634,153491,California
Ventura,2021-03-02,7475,226864,3935,117237,3538,109624,2,3,5254,90842,2212,67903,5254,158745,California
Ventura,2021-03-03,8513,235377,3899,121136,4614,114238,0,3,6073,94492,2427,70330,6077,164822,California
Ventura,2021-03-04,8081,243458,3865,125001,4216,118454,0,3,5460,97346,2607,72937,5461,170283,California
Ventura,2021-03-05,9964,253422,4797,129798,5157,123611,10,13,7079,101571,2872,75809,7097,177380,California
Ventura,2021-03-06,7234,260656,4398,134196,2683,126294,153,166,5324,105146,1904,77713,5479,182859,California
Ventura,2021-03-07,1650,262306,601,134797,948,127242,101,267,1234,106065,416,78129,1335,184194,California
Ventura,2021-03-08,6736,269042,3414,138211,3168,130410,154,421,4632,108756,2098,80227,4789,188983,California
Ventura,2021-03-09,6518,275560,2804,141015,3517,133927,197,618,3655,109759,2851,83078,3854,192837,California
Ventura,2021-03-10,6792,282352,2965,143980,3589,137516,238,856,4479,112172,2304,85382,4717,197554,California
Ventura,2021-03-11,6269,288621,2883,146863,3167,140683,219,1075,3413,112958,2845,88227,3631,201185,California
Ventura,2021-03-12,8494,297115,3033,149896,4619,145302,842,1917,4089,113502,4388,92615,4932,206117,California
Ventura,2021-03-13,6677,303792,2495,152391,3342,148644,840,2757,3752,115176,2917,95532,4591,210708,California
Ventura,2021-03-14,2130,305922,477,152868,1158,149802,495,3252,730,115003,1399,96931,1226,211934,California
Ventura,2021-03-15,6911,312833,2047,154915,3514,153316,1350,4602,2969,115402,3917,100848,4316,216250,California
Ventura,2021-03-16,7897,320730,2453,157368,4330,157646,1114,5716,3979,116586,3906,104754,5090,221340,California
Ventura,2021-03-17,7448,328178,2761,160129,4341,161987,346,6062,4453,118413,2974,107728,4801,226141,California
Ventura,2021-03-18,7214,335392,3267,163396,3794,165781,153,6215,4700,120763,2501,110229,4851,230992,California
Ventura,2021-03-19,8323,343715,3765,167161,4448,170229,110,6325,4954,122472,3353,113582,5062,236054,California
Ventura,2021-03-20,8134,351849,5241,172402,2873,173102,20,6345,3889,122157,4225,117807,3910,239964,California
Ventura,2021-03-21,2776,354625,1508,173910,897,173999,371,6716,1315,122392,1450,119257,1685,241649,California
Ventura,2021-03-22,7327,361952,3683,177593,3542,177541,102,6818,4839,124861,2474,121731,4943,246592,California
Ventura,2021-03-23,8172,370124,3875,181468,4226,181767,71,6889,4662,126107,3486,125217,4732,251324,California
Ventura,2021-03-24,8839,378963,3406,184874,5359,187126,74,6963,4408,126186,4403,129620,4482,255806,California
Ventura,2021-03-25,8774,387737,3905,188779,4769,191895,100,7063,4436,126400,4322,133942,4536,260342,California
Ventura,2021-03-26,9669,397406,3335,192114,5681,197576,653,7716,3763,124937,5878,139820,4415,264757,California
Ventura,2021-03-27,8106,405512,3899,196013,4167,201743,40,7756,2396,121682,5692,145512,2437,267194,California
Ventura,2021-03-28,2511,408023,1396,197409,1106,202849,9,7765,1375,121934,1132,146644,1384,268578,California
Ventura,2021-03-29,8446,416469,4260,201669,4142,206991,44,7809,4217,121994,4201,150845,4261,272839,California
Ventura,2021-03-30,8913,425382,4393,206062,4395,211386,125,7934,4533,122282,4368,155213,4656,277495,California
Ventura,2021-03-31,10638,436020,4806,210868,5205,216591,627,8561,4610,121509,6008,161221,5235,282730,California
Ventura,2021-04-01,10615,446635,5177,216045,4567,221158,871,9432,5357,122492,5241,166462,6224,288954,California
Ventura,2021-04-02,11381,458016,4577,220622,5549,226707,1255,10687,5364,123123,5992,172454,6623,295577,California
Ventura,2021-04-03,8007,466023,3947,224569,2927,229634,1133,11820,3366,122989,4631,177085,4497,300074,California
Ventura,2021-04-04,1712,467735,962,225531,621,230255,129,11949,1157,123725,550,177635,1286,301360,California
Ventura,2021-04-05,9207,476942,4867,230398,3285,233540,1055,13004,4683,124946,4516,182151,5737,307097,California
Ventura,2021-04-06,10793,487735,5539,235937,3794,237334,1460,14464,5545,126722,5227,187378,7003,314100,California
Ventura,2021-04-07,11221,498956,5423,241360,4329,241663,1469,15933,5116,127211,6090,193468,6579,320679,California
Ventura,2021-04-08,10195,509151,5288,246648,3982,245645,925,16858,5098,128146,5081,198549,6016,326695,California
Ventura,2021-04-09,10988,520139,4330,250978,4970,250615,1688,18546,4821,128504,6146,204695,6504,333199,California
Ventura,2021-04-10,9109,529248,3486,254464,3475,254090,2148,20694,2991,127536,6103,210798,5135,338334,California
Ventura,2021-04-11,2415,531663,865,255329,992,255082,558,21252,687,127059,1721,212519,1244,339578,California
Ventura,2021-04-12,8870,540533,4463,259792,3612,258694,795,22047,3737,126471,5115,217634,4527,344105,California
Ventura,2021-04-13,8752,549285,4437,264229,4309,263003,6,22053,3745,125252,4970,222604,3751,347856,California
Ventura,2021-04-14,8643,557928,4052,268281,4576,267579,15,22068,3364,123392,5241,227845,3381,351237,California
Ventura,2021-04-15,9225,567153,4472,272753,4746,272325,7,22075,4049,122291,5157,233002,4056,355293,California
Ventura,2021-04-16,10032,577185,4448,277201,5584,277909,0,22075,4850,121971,5172,238174,4852,360145,California
Ventura,2021-04-17,8516,585701,5290,282491,3225,281134,1,22076,4988,123443,3518,241692,4990,365135,California
Ventura,2021-04-18,2112,587813,1011,283502,1101,282235,0,22076,905,123147,1201,242893,905,366040,California
Ventura,2021-04-19,7993,595806,4840,288342,3152,285387,1,22077,4621,124413,3356,246249,4622,370662,California
Ventura,2021-04-20,9185,604991,4893,293235,4292,289679,0,22077,4330,123908,4837,251086,4332,374994,California
Ventura,2021-04-21,8822,613813,4535,297770,4285,293964,2,22079,4194,123496,4609,255695,4197,379191,California
Ventura,2021-04-22,9904,623717,5461,303231,4443,298407,0,22079,4436,122478,5454,261149,4436,383627,California
Ventura,2021-04-23,10229,633946,5272,308503,4957,303364,0,22079,5256,122787,4947,266096,5256,388883,California
Ventura,2021-04-24,9363,643309,5575,314078,3788,307152,0,22079,5682,124800,3669,269765,5682,394565,California
Ventura,2021-04-25,2187,645496,1452,315530,735,307887,0,22079,945,124506,1239,271004,945,395510,California
Ventura,2021-04-26,5869,651365,3376,318906,2467,310354,26,22105,2425,123530,3432,274436,2456,397966,California
Ventura,2021-04-27,3677,655042,2173,321079,1450,311804,54,22159,1333,122582,2335,276771,1387,399353,California
Yolo,2020-12-15,39,39,39,39,0,0,0,0,39,39,0,0,39,39,California
Yolo,2020-12-16,78,117,78,117,0,0,0,0,78,117,0,0,78,117,California
Yolo,2020-12-17,102,219,102,219,0,0,0,0,102,219,0,0,102,219,California
Yolo,2020-12-18,210,429,210,429,0,0,0,0,210,429,0,0,210,429,California
Yolo,2020-12-19,87,516,87,516,0,0,0,0,87,516,0,0,87,516,California
Yolo,2020-12-20,101,617,101,617,0,0,0,0,101,617,0,0,101,617,California
Yolo,2020-12-21,253,870,253,870,0,0,0,0,253,870,0,0,253,870,California
Yolo,2020-12-22,382,1252,381,1251,1,1,0,0,382,1252,0,0,382,1252,California
Yolo,2020-12-23,430,1682,412,1663,18,19,0,0,430,1682,0,0,430,1682,California
Yolo,2020-12-24,150,1832,94,1757,56,75,0,0,150,1832,0,0,150,1832,California
Yolo,2020-12-25,1,1833,1,1758,0,75,0,0,1,1833,0,0,1,1833,California
Yolo,2020-12-26,75,1908,25,1783,50,125,0,0,75,1908,0,0,75,1908,California
Yolo,2020-12-27,46,1954,19,1802,27,152,0,0,46,1954,0,0,46,1954,California
Yolo,2020-12-28,346,2300,179,1981,167,319,0,0,346,2300,0,0,346,2300,California
Yolo,2020-12-29,487,2787,268,2249,219,538,0,0,487,2787,0,0,487,2787,California
Yolo,2020-12-30,622,3409,255,2504,367,905,0,0,622,3409,0,0,622,3409,California
Yolo,2020-12-31,184,3593,95,2599,89,994,0,0,184,3593,0,0,184,3593,California
Yolo,2021-01-01,57,3650,56,2655,1,995,0,0,57,3650,0,0,57,3650,California
Yolo,2021-01-02,68,3718,25,2680,43,1038,0,0,68,3718,0,0,68,3718,California
Yolo,2021-01-03,44,3762,19,2699,25,1063,0,0,44,3762,0,0,44,3762,California
Yolo,2021-01-04,193,3955,43,2742,150,1213,0,0,193,3955,0,0,193,3955,California
Yolo,2021-01-05,609,4564,235,2977,374,1587,0,0,548,4442,61,61,548,4503,California
Yolo,2021-01-06,481,5045,183,3160,298,1885,0,0,350,4661,131,192,350,4853,California
Yolo,2021-01-07,710,5755,234,3394,476,2361,0,0,520,4992,189,381,520,5373,California
Yolo,2021-01-08,631,6386,311,3705,320,2681,0,0,414,5190,216,597,414,5787,California
Yolo,2021-01-09,411,6797,68,3773,343,3024,0,0,365,5509,46,643,365,6152,California
Yolo,2021-01-10,393,7190,80,3853,313,3337,0,0,323,5762,70,713,323,6475,California
Yolo,2021-01-11,561,7751,324,4177,237,3574,0,0,292,5787,269,982,294,6769,California
Yolo,2021-01-12,481,8232,364,4541,117,3691,0,0,173,5653,308,1290,174,6943,California
Yolo,2021-01-13,768,9000,310,4851,458,4149,0,0,519,5923,249,1539,519,7462,California
Yolo,2021-01-14,374,9374,181,5032,193,4342,0,0,270,6089,104,1643,270,7732,California
Yolo,2021-01-15,625,9999,321,5353,304,4646,0,0,546,6557,79,1722,547,8279,California
Yolo,2021-01-16,738,10737,95,5448,643,5289,0,0,707,7233,31,1753,707,8986,California
Yolo,2021-01-17,186,10923,117,5565,69,5358,0,0,179,7405,7,1760,179,9165,California
Yolo,2021-01-18,478,11401,303,5868,175,5533,0,0,379,7685,99,1859,379,9544,California
Yolo,2021-01-19,553,11954,372,6240,181,5714,0,0,378,7888,175,2034,378,9922,California
Yolo,2021-01-20,659,12613,381,6621,278,5992,0,0,474,8178,184,2218,474,10396,California
Yolo,2021-01-21,646,13259,382,7003,264,6256,0,0,458,8448,188,2406,458,10854,California
Yolo,2021-01-22,745,14004,250,7253,495,6751,0,0,628,8961,115,2521,628,11482,California
Yolo,2021-01-23,613,14617,124,7377,489,7240,0,0,566,9480,47,2568,566,12048,California
Yolo,2021-01-24,207,14824,124,7501,83,7323,0,0,166,9605,41,2609,166,12214,California
Yolo,2021-01-25,727,15551,153,7654,574,7897,0,0,513,9904,214,2823,513,12727,California
Yolo,2021-01-26,817,16368,326,7980,491,8388,0,0,429,9945,388,3211,429,13156,California
Yolo,2021-01-27,554,16922,223,8203,331,8719,0,0,381,10153,173,3384,381,13537,California
Yolo,2021-01-28,1046,17968,564,8767,482,9201,0,0,923,10954,122,3506,923,14460,California
Yolo,2021-01-29,867,18835,263,9030,604,9805,0,0,785,11658,81,3587,785,15245,California
Yolo,2021-01-30,1516,20351,916,9946,600,10405,0,0,1408,12964,102,3689,1408,16653,California
Yolo,2021-01-31,249,20600,211,10157,38,10443,0,0,214,13144,34,3723,214,16867,California
Yolo,2021-02-01,842,21442,359,10516,483,10926,0,0,612,13529,227,3950,612,17479,California
Yolo,2021-02-02,1320,22762,746,11262,574,11500,0,0,930,14070,390,4340,931,18410,California
Yolo,2021-02-03,1513,24275,396,11658,1117,12617,0,0,1183,14926,327,4667,1183,19593,California
Yolo,2021-02-04,1786,26061,281,11939,1505,14122,0,0,1237,15626,538,5205,1238,20831,California
Yolo,2021-02-05,1592,27653,899,12838,693,14815,0,0,1194,16423,398,5603,1195,22026,California
Yolo,2021-02-06,1919,29572,1246,14084,673,15488,0,0,1558,17621,361,5964,1559,23585,California
Yolo,2021-02-07,517,30089,248,14332,269,15757,0,0,170,17445,346,6310,170,23755,California
Yolo,2021-02-08,947,31036,331,14663,616,16373,0,0,604,17709,340,6650,604,24359,California
Yolo,2021-02-09,860,31896,388,15051,472,16845,0,0,578,18005,282,6932,578,24937,California
Yolo,2021-02-10,1455,33351,476,15527,979,17824,0,0,818,18188,637,7569,820,25757,California
Yolo,2021-02-11,1560,34911,795,16322,765,18589,0,0,1183,18994,377,7946,1183,26940,California
Yolo,2021-02-12,1905,36816,747,17069,1158,19747,0,0,1438,19969,463,8409,1438,28378,California
Yolo,2021-02-13,2048,38864,710,17779,1338,21085,0,0,1385,20691,663,9072,1385,29763,California
Yolo,2021-02-14,567,39431,152,17931,415,21500,0,0,442,21009,124,9196,442,30205,California
Yolo,2021-02-15,528,39959,189,18120,339,21839,0,0,265,21012,263,9459,266,30471,California
Yolo,2021-02-16,1121,41080,425,18545,696,22535,0,0,808,21507,313,9772,808,31279,California
Yolo,2021-02-17,1384,42464,701,19246,683,23218,0,0,991,22105,393,10165,991,32270,California
Yolo,2021-02-18,2495,44959,814,20060,1681,24899,0,0,1728,23066,767,10932,1728,33998,California
Yolo,2021-02-19,1737,46696,744,20804,993,25892,0,0,1117,23565,618,11550,1117,35115,California
Yolo,2021-02-20,2432,49128,942,21746,1490,27382,0,0,1360,23859,1067,12617,1361,36476,California
Yolo,2021-02-21,282,49410,225,21971,57,27439,0,0,73,23724,208,12825,73,36549,California
Yolo,2021-02-22,1360,50770,599,22570,761,28200,0,0,693,23751,666,13491,693,37242,California
Yolo,2021-02-23,1121,51891,841,23411,280,28480,0,0,438,23508,681,14172,438,37680,California
Yolo,2021-02-24,2090,53981,590,24001,1500,29980,0,0,1382,24184,706,14878,1382,39062,California
Yolo,2021-02-25,1338,55319,444,24445,894,30874,0,0,873,24593,464,15342,873,39935,California
Yolo,2021-02-26,2570,57889,989,25434,1581,32455,0,0,1372,24770,1195,16537,1372,41307,California
Yolo,2021-02-27,1649,59538,765,26199,884,33339,0,0,1199,25519,450,16987,1199,42506,California
Yolo,2021-02-28,1772,61310,1489,27688,283,33622,0,0,680,25109,1090,18077,680,43186,California
Yolo,2021-03-01,1088,62398,354,28042,734,34356,0,0,658,25339,428,18505,658,43844,California
Yolo,2021-03-02,1459,63857,680,28722,779,35135,0,0,929,25738,530,19035,929,44773,California
Yolo,2021-03-03,1833,65690,625,29347,1208,36343,0,0,828,25563,1003,20038,828,45601,California
Yolo,2021-03-04,2850,68540,1406,30753,1444,37787,0,0,1542,25799,1306,21344,1542,47143,California
Yolo,2021-03-05,2341,70881,1393,32146,937,38724,11,11,1469,26409,870,22214,1480,48623,California
Yolo,2021-03-06,1473,72354,1121,33267,323,39047,29,40,840,26648,630,22844,869,49492,California
Yolo,2021-03-07,903,73257,670,33937,219,39266,14,54,770,27299,133,22977,784,50276,California
Yolo,2021-03-08,1082,74339,483,34420,556,39822,43,97,755,27772,326,23303,799,51075,California
Yolo,2021-03-09,1244,75583,670,35090,514,40336,60,157,756,28102,486,23789,816,51891,California
Yolo,2021-03-10,1788,77371,1044,36134,453,40789,291,448,747,28096,1039,24828,1033,52924,California
Yolo,2021-03-11,2280,79651,1536,37670,677,41466,67,515,1569,29023,710,25538,1637,54561,California
Yolo,2021-03-12,2887,82538,1341,39011,1467,42933,79,594,1370,28962,1509,27047,1448,56009,California
Yolo,2021-03-13,1841,84379,730,39741,934,43867,177,771,1007,29316,830,27877,1184,57193,California
Yolo,2021-03-14,1007,85386,213,39954,644,44511,150,921,526,29508,480,28357,672,57865,California
Yolo,2021-03-15,1319,86705,773,40727,370,44881,176,1097,703,29771,614,28971,877,58742,California
Yolo,2021-03-16,1868,88573,718,41445,1078,45959,72,1169,1105,30185,763,29734,1177,59919,California
Yolo,2021-03-17,2482,91055,967,42412,1443,47402,72,1241,1701,31211,778,30512,1804,61723,California
Yolo,2021-03-18,2883,93938,896,43308,1764,49166,223,1464,1173,30899,1708,32220,1396,63119,California
Yolo,2021-03-19,2038,95976,817,44125,1154,50320,67,1531,1074,31082,958,33178,1141,64260,California
Yolo,2021-03-20,2744,98720,815,44940,1888,52208,41,1572,1114,30615,1624,34802,1157,65417,California
Yolo,2021-03-21,317,99037,216,45156,93,52301,8,1580,229,30766,86,34888,237,65654,California
Yolo,2021-03-22,1390,100427,487,45643,851,53152,52,1632,917,31263,471,35359,968,66622,California
Yolo,2021-03-23,1724,102151,931,46574,737,53889,56,1688,1065,31726,658,36017,1121,67743,California
Yolo,2021-03-24,2841,104992,1388,47962,1404,55293,49,1737,1418,31781,1412,37429,1467,69210,California
Yolo,2021-03-25,2419,107411,1296,49258,1096,56389,27,1764,1156,31711,1253,38682,1183,70393,California
Yolo,2021-03-26,2382,109793,1239,50497,1124,57513,19,1783,1024,31402,1351,40033,1042,71435,California
Yolo,2021-03-27,1636,111429,455,50952,1165,58678,16,1799,754,31291,881,40914,770,72205,California
Yolo,2021-03-28,1103,112532,860,51812,225,58903,18,1817,273,30756,826,41740,291,72496,California
Yolo,2021-03-29,2003,114535,821,52633,1160,60063,22,1839,989,30757,1010,42750,1011,73507,California
Yolo,2021-03-30,2272,116807,1067,53700,1182,61245,23,1862,1190,30893,1077,43827,1213,74720,California
Yolo,2021-03-31,2332,119139,1205,54905,1091,62336,36,1898,1193,30984,1138,44965,1229,75949,California
Yolo,2021-04-01,3749,122888,1767,56672,1507,63843,475,2373,1567,30847,2179,47144,2042,77991,California
Yolo,2021-04-02,3352,126240,1486,58158,1723,65566,143,2516,2070,31784,1276,48420,2213,80204,California
Yolo,2021-04-03,1788,128028,1080,59238,493,66059,215,2731,799,31810,988,49408,1014,81218,California
Yolo,2021-04-04,385,128413,151,59389,171,66230,63,2794,143,31774,242,49650,206,81424,California
Yolo,2021-04-05,1895,130308,722,60111,1075,67305,98,2892,1012,32005,879,50529,1110,82534,California
Yolo,2021-04-06,2559,132867,1298,61409,1091,68396,170,3062,1309,32244,1241,51770,1480,84014,California
Yolo,2021-04-07,2971,135838,1515,62924,1105,69501,351,3413,1925,33480,1039,52809,2275,86289,California
Yolo,2021-04-08,2407,138245,993,63917,944,70445,470,3883,1023,33590,1381,54190,1491,87780,California
Yolo,2021-04-09,2427,140672,878,64795,1055,71500,494,4377,804,33267,1620,55810,1297,89077,California
Yolo,2021-04-10,1680,142352,790,65585,719,72219,171,4548,997,33755,679,56489,1167,90244,California
Yolo,2021-04-11,866,143218,261,65846,560,72779,45,4593,344,33624,519,57008,388,90632,California
Yolo,2021-04-12,1752,144970,515,66361,1095,73874,142,4735,1086,34189,663,57671,1228,91860,California
Yolo,2021-04-13,1931,146901,873,67234,1058,74932,0,4735,1001,34262,928,58599,1001,92861,California
Yolo,2021-04-14,2734,149635,736,67970,1998,76930,0,4735,1351,34235,1378,59977,1351,94212,California
Yolo,2021-04-15,3197,152832,1041,69011,2156,79086,0,4735,2247,35536,946,60923,2247,96459,California
Yolo,2021-04-16,2905,155737,1847,70858,1058,80144,0,4735,1834,36304,1066,61989,1834,98293,California
Yolo,2021-04-17,1513,157250,420,71278,1093,81237,0,4735,746,36288,762,62751,746,99039,California
Yolo,2021-04-18,591,157841,263,71541,328,81565,0,4735,349,36398,239,62990,349,99388,California
Yolo,2021-04-19,1666,159507,718,72259,947,82512,1,4736,770,36278,891,63881,771,100159,California
Yolo,2021-04-20,1995,161502,1008,73267,987,83499,0,4736,1076,36437,917,64798,1076,101235,California
Yolo,2021-04-21,1991,163493,1000,74267,991,84490,0,4736,1097,36643,891,65689,1097,102332,California
Yolo,2021-04-22,1734,165227,736,75003,998,85488,0,4736,903,36722,825,66514,904,103236,California
Yolo,2021-04-23,1826,167053,900,75903,926,86414,0,4736,1051,37008,767,67281,1053,104289,California
Yolo,2021-04-24,750,167803,357,76260,391,86805,2,4738,306,36879,437,67718,308,104597,California
Yolo,2021-04-25,672,168475,281,76541,391,87196,0,4738,516,37239,156,67874,516,105113,California
Yolo,2021-04-26,903,169378,367,76908,532,87728,4,4742,393,37128,508,68382,397,105510,California
Yolo,2021-04-27,905,170283,454,77362,448,88176,3,4745,324,36874,580,68962,326,105836,California
Yuba,2020-12-16,4,4,4,4,0,0,0,0,4,4,0,0,4,4,California
Yuba,2020-12-17,4,8,4,8,0,0,0,0,4,8,0,0,4,8,California
Yuba,2020-12-18,8,16,8,16,0,0,0,0,8,16,0,0,8,16,California
Yuba,2020-12-19,12,28,12,28,0,0,0,0,12,28,0,0,12,28,California
Yuba,2020-12-20,20,48,20,48,0,0,0,0,20,48,0,0,20,48,California
Yuba,2020-12-21,40,88,40,88,0,0,0,0,40,88,0,0,40,88,California
Yuba,2020-12-22,86,174,86,174,0,0,0,0,86,174,0,0,86,174,California
Yuba,2020-12-23,63,237,61,235,2,2,0,0,63,237,0,0,63,237,California
Yuba,2020-12-24,20,257,10,245,10,12,0,0,20,257,0,0,20,257,California
Yuba,2020-12-26,15,272,13,258,2,14,0,0,15,272,0,0,15,272,California
Yuba,2020-12-27,15,287,15,273,0,14,0,0,15,287,0,0,15,287,California
Yuba,2020-12-28,51,338,35,308,16,30,0,0,51,338,0,0,51,338,California
Yuba,2020-12-29,75,413,10,318,65,95,0,0,75,413,0,0,75,413,California
Yuba,2020-12-30,63,476,20,338,43,138,0,0,63,476,0,0,63,476,California
Yuba,2020-12-31,36,512,6,344,30,168,0,0,36,512,0,0,36,512,California
Yuba,2021-01-02,23,535,22,366,1,169,0,0,23,535,0,0,23,535,California
Yuba,2021-01-03,10,545,6,372,4,173,0,0,10,545,0,0,10,545,California
Yuba,2021-01-04,90,635,21,393,69,242,0,0,90,635,0,0,90,635,California
Yuba,2021-01-05,68,703,36,429,32,274,0,0,67,701,1,1,67,702,California
Yuba,2021-01-06,153,856,76,505,77,351,0,0,147,842,6,7,147,849,California
Yuba,2021-01-07,75,931,19,524,56,407,0,0,72,910,4,11,72,921,California
Yuba,2021-01-08,73,1004,25,549,48,455,0,0,66,969,7,18,66,987,California
Yuba,2021-01-09,19,1023,16,565,3,458,0,0,11,972,8,26,11,998,California
Yuba,2021-01-10,117,1140,22,587,95,553,0,0,95,1045,22,48,95,1093,California
Yuba,2021-01-11,72,1212,50,637,22,575,0,0,32,1037,40,88,32,1125,California
Yuba,2021-01-12,107,1319,77,714,30,605,0,0,42,1014,65,153,42,1167,California
Yuba,2021-01-13,118,1437,71,785,47,652,0,0,54,1005,63,216,54,1221,California
Yuba,2021-01-14,109,1546,43,828,66,718,0,0,97,1090,12,228,97,1318,California
Yuba,2021-01-15,206,1752,88,916,118,836,0,0,195,1274,11,239,195,1513,California
Yuba,2021-01-16,184,1936,21,937,163,999,0,0,172,1433,13,252,172,1685,California
Yuba,2021-01-17,13,1949,9,946,4,1003,0,0,7,1434,6,258,7,1692,California
Yuba,2021-01-18,60,2009,32,978,28,1031,0,0,35,1444,25,283,35,1727,California
Yuba,2021-01-19,80,2089,29,1007,51,1082,0,0,65,1494,15,298,65,1792,California
Yuba,2021-01-20,132,2221,87,1094,45,1127,0,0,109,1580,23,321,109,1901,California
Yuba,2021-01-21,210,2431,95,1189,115,1242,0,0,202,1774,8,329,202,2103,California
Yuba,2021-01-22,103,2534,6,1195,97,1339,0,0,94,1859,9,338,94,2197,California
Yuba,2021-01-23,200,2734,7,1202,193,1532,0,0,197,2053,3,341,197,2394,California
Yuba,2021-01-24,10,2744,7,1209,3,1535,0,0,8,2059,2,343,8,2402,California
Yuba,2021-01-25,83,2827,27,1236,56,1591,0,0,52,2081,30,373,52,2454,California
Yuba,2021-01-26,148,2975,39,1275,109,1700,0,0,92,2117,56,429,92,2546,California
Yuba,2021-01-27,182,3157,128,1403,54,1754,0,0,115,2165,67,496,115,2661,California
Yuba,2021-01-28,215,3372,79,1482,136,1890,0,0,174,2298,41,537,174,2835,California
Yuba,2021-01-29,159,3531,56,1538,103,1993,0,0,112,2363,47,584,112,2947,California
Yuba,2021-01-30,410,3941,23,1561,387,2380,0,0,399,2751,11,595,399,3346,California
Yuba,2021-01-31,17,3958,12,1573,5,2385,0,0,15,2764,2,597,15,3361,California
Yuba,2021-02-01,155,4113,75,1648,80,2465,0,0,131,2873,23,620,132,3493,California
Yuba,2021-02-02,123,4236,23,1671,100,2565,0,0,101,2952,22,642,101,3594,California
Yuba,2021-02-03,225,4461,29,1700,196,2761,0,0,113,2954,111,753,113,3707,California
Yuba,2021-02-04,295,4756,120,1820,175,2936,0,0,252,3163,43,796,252,3959,California
Yuba,2021-02-05,146,4902,32,1852,114,3050,0,0,70,3157,76,872,70,4029,California
Yuba,2021-02-06,448,5350,26,1878,422,3472,0,0,440,3589,8,880,440,4469,California
Yuba,2021-02-07,18,5368,11,1889,7,3479,0,0,15,3601,3,883,15,4484,California
Yuba,2021-02-08,96,5464,35,1924,61,3540,0,0,66,3637,30,913,66,4550,California
Yuba,2021-02-09,153,5617,55,1979,98,3638,0,0,84,3652,69,982,84,4634,California
Yuba,2021-02-10,352,5969,172,2151,180,3818,0,0,114,3529,237,1219,114,4748,California
Yuba,2021-02-11,398,6367,64,2215,334,4152,0,0,302,3737,94,1313,302,5050,California
Yuba,2021-02-12,264,6631,27,2242,237,4389,0,0,151,3775,113,1426,151,5201,California
Yuba,2021-02-13,435,7066,35,2277,400,4789,0,0,387,4114,48,1474,387,5588,California
Yuba,2021-02-14,54,7120,11,2288,43,4832,0,0,49,4158,5,1479,49,5637,California
Yuba,2021-02-15,88,7208,36,2324,52,4884,0,0,69,4208,19,1498,69,5706,California
Yuba,2021-02-16,198,7406,53,2377,145,5029,0,0,140,4291,57,1555,140,5846,California
Yuba,2021-02-17,369,7775,155,2532,214,5243,0,0,98,4119,270,1825,98,5944,California
Yuba,2021-02-18,317,8092,46,2578,271,5514,0,0,194,4190,123,1948,194,6138,California
Yuba,2021-02-19,224,8316,84,2662,140,5654,0,0,141,4248,83,2031,141,6279,California
Yuba,2021-02-20,390,8706,30,2692,360,6014,0,0,336,4530,54,2085,336,6615,California
Yuba,2021-02-21,16,8722,14,2706,2,6016,0,0,6,4526,10,2095,6,6621,California
Yuba,2021-02-22,128,8850,79,2785,49,6065,0,0,38,4475,89,2184,38,6659,California
Yuba,2021-02-23,113,8963,25,2810,88,6153,0,0,46,4455,66,2250,46,6705,California
Yuba,2021-02-24,479,9442,135,2945,344,6497,0,0,106,4188,373,2623,106,6811,California
Yuba,2021-02-25,332,9774,133,3078,199,6696,0,0,204,4264,128,2751,204,7015,California
Yuba,2021-02-26,256,10030,67,3145,189,6885,0,0,143,4296,111,2862,143,7158,California
Yuba,2021-02-27,471,10501,46,3191,425,7310,0,0,382,4591,87,2949,382,7540,California
Yuba,2021-02-28,65,10566,21,3212,44,7354,0,0,44,4614,21,2970,44,7584,California
Yuba,2021-03-01,154,10720,40,3252,114,7468,0,0,78,4617,75,3045,78,7662,California
Yuba,2021-03-02,158,10878,35,3287,123,7591,0,0,78,4615,80,3125,78,7740,California
Yuba,2021-03-03,619,11497,158,3445,461,8052,0,0,199,4395,419,3544,199,7939,California
Yuba,2021-03-04,466,11963,270,3715,196,8248,0,0,325,4580,140,3684,325,8264,California
Yuba,2021-03-05,315,12278,59,3774,255,8503,1,1,248,4762,67,3751,249,8513,California
Yuba,2021-03-06,475,12753,35,3809,436,8939,4,5,369,5029,106,3857,373,8886,California
Yuba,2021-03-07,49,12802,27,3836,21,8960,1,6,33,5047,16,3873,34,8920,California
Yuba,2021-03-08,160,12962,49,3885,95,9055,16,22,101,5105,59,3932,117,9037,California
Yuba,2021-03-09,175,13137,46,3931,110,9165,19,41,83,5115,92,4024,102,9139,California
Yuba,2021-03-10,735,13872,232,4163,473,9638,30,71,231,4873,503,4527,261,9400,California
Yuba,2021-03-11,428,14300,186,4349,230,9868,12,83,295,5047,133,4660,307,9707,California
Yuba,2021-03-12,462,14762,86,4435,322,10190,54,137,149,4937,313,4973,203,9910,California
Yuba,2021-03-13,452,15214,332,4767,105,10295,15,152,358,5217,93,5066,373,10283,California
Yuba,2021-03-14,107,15321,21,4788,76,10371,10,162,46,5213,60,5126,56,10339,California
Yuba,2021-03-15,194,15515,49,4837,128,10499,17,179,99,5234,95,5221,116,10455,California
Yuba,2021-03-16,290,15805,71,4908,194,10693,25,204,177,5324,112,5333,202,10657,California
Yuba,2021-03-17,737,16542,161,5069,547,11240,29,233,191,5000,544,5877,220,10877,California
Yuba,2021-03-18,564,17106,148,5217,303,11543,113,346,342,5232,222,6099,454,11331,California
Yuba,2021-03-19,325,17431,120,5337,156,11699,49,395,186,5329,138,6237,235,11566,California
Yuba,2021-03-20,552,17983,80,5417,454,12153,18,413,472,5740,79,6316,490,12056,California
Yuba,2021-03-21,59,18042,35,5452,24,12177,0,413,47,5775,12,6328,47,12103,California
Yuba,2021-03-22,190,18232,70,5522,113,12290,7,420,148,5888,42,6370,155,12258,California
Yuba,2021-03-23,264,18496,79,5601,158,12448,27,447,178,6009,84,6454,205,12463,California
Yuba,2021-03-24,763,19259,252,5853,430,12878,81,528,186,5700,575,7029,266,12729,California
Yuba,2021-03-25,497,19756,263,6116,212,13090,22,550,247,5719,250,7279,269,12998,California
Yuba,2021-03-26,387,20143,143,6259,217,13307,27,577,221,5802,165,7444,248,13246,California
Yuba,2021-03-27,461,20604,27,6286,431,13738,3,580,407,6158,53,7497,409,13655,California
Yuba,2021-03-28,98,20702,40,6326,54,13792,4,584,37,6138,61,7558,41,13696,California
Yuba,2021-03-29,293,20995,85,6411,177,13969,31,615,180,6236,113,7671,211,13907,California
Yuba,2021-03-30,272,21267,67,6478,197,14166,8,623,191,6354,81,7752,199,14106,California
Yuba,2021-03-31,671,21938,113,6591,546,14712,12,635,244,6184,426,8178,256,14362,California
Yuba,2021-04-01,615,22553,283,6874,303,15015,29,664,283,6164,332,8510,312,14674,California
Yuba,2021-04-02,487,23040,90,6964,314,15329,83,747,181,6122,305,8815,263,14937,California
Yuba,2021-04-03,653,23693,56,7020,115,15444,482,1229,87,6126,565,9380,569,15506,California
Yuba,2021-04-04,58,23751,11,7031,41,15485,6,1235,33,6140,25,9405,39,15545,California
Yuba,2021-04-05,245,23996,79,7110,147,15632,19,1254,124,6163,119,9524,142,15687,California
Yuba,2021-04-06,351,24347,114,7224,177,15809,60,1314,168,6209,182,9706,228,15915,California
Yuba,2021-04-07,771,25118,398,7622,320,16129,53,1367,348,6189,420,10126,400,16315,California
Yuba,2021-04-08,730,25848,297,7919,171,16300,262,1629,262,6246,467,10593,524,16839,California
Yuba,2021-04-09,391,26239,170,8089,157,16457,64,1693,159,6238,231,10824,223,17062,California
Yuba,2021-04-10,593,26832,72,8161,74,16531,447,2140,70,6234,521,11345,517,17579,California
Yuba,2021-04-11,98,26930,22,8183,64,16595,12,2152,39,6226,59,11404,51,17630,California
Yuba,2021-04-12,209,27139,46,8229,135,16730,28,2180,81,6208,127,11531,109,17739,California
Yuba,2021-04-13,394,27533,100,8329,294,17024,0,2180,202,6219,191,11722,202,17941,California
Yuba,2021-04-14,690,28223,107,8436,583,17607,0,2180,117,5764,572,12294,117,18058,California
Yuba,2021-04-15,294,28517,123,8559,171,17778,0,2180,124,5718,170,12464,124,18182,California
Yuba,2021-04-16,330,28847,102,8661,228,18006,0,2180,178,5744,152,12616,178,18360,California
Yuba,2021-04-17,392,29239,55,8716,337,18343,0,2180,321,5995,70,12686,321,18681,California
Yuba,2021-04-18,51,29290,9,8725,42,18385,0,2180,24,5992,27,12713,24,18705,California
Yuba,2021-04-19,244,29534,102,8827,142,18527,0,2180,103,5954,141,12854,103,18808,California
Yuba,2021-04-20,303,29837,79,8906,224,18751,0,2180,177,6007,125,12979,178,18986,California
Yuba,2021-04-21,700,30537,284,9190,416,19167,0,2180,301,5909,399,13378,301,19287,California
Yuba,2021-04-22,294,30831,104,9294,190,19357,0,2180,157,5929,137,13515,157,19444,California
Yuba,2021-04-23,313,31144,98,9392,215,19572,0,2180,153,5922,160,13675,153,19597,California
Yuba,2021-04-24,167,31311,38,9430,129,19701,0,2180,89,5933,78,13753,89,19686,California
Yuba,2021-04-25,58,31369,20,9450,38,19739,0,2180,31,5937,27,13780,31,19717,California
Yuba,2021-04-26,172,31541,39,9489,129,19868,4,2184,77,5923,95,13875,81,19798,California
Yuba,2021-04-27,206,31747,84,9573,119,19987,3,2187,103,5927,102,13977,106,19904,California
